0,4
1,3
2,1
3,0
4,-2
5,-3
6,-4
7,-4
8,-4
9,-4
10,-3
11,-2
12,-2
13,-2
14,-2
15,-2
16,-2
17,-2
18,-2
19,-1
20,-1
21,0
22,1
23,2
24,2
25,2
26,2
27,2
28,2
29,2
30,1
31,1
32,0
33,0
34,-1
35,-2
36,-3
37,-3
38,-3
39,-2
40,-1
41,0
42,0
43,1
44,1
45,0
46,-2
47,-4
48,-5
49,-6
50,-7
51,-6
52,-5
53,-4
54,-3
55,-2
56,-2
57,-2
58,-3
59,-4
60,-5
61,-5
62,-5
63,-5
64,-4
65,-2
66,0
67,1
68,2
69,2
70,2
71,1
72,1
73,1
74,1
75,2
76,3
77,4
78,5
79,6
80,7
81,8
82,8
83,8
84,8
85,8
86,7
87,5
88,2
89,-1
90,-4
91,-7
92,-9
93,-10
94,-10
95,-9
96,-7
97,-5
98,-3
99,-2
100,-1
101,-1
102,-1
103,-2
104,-4
105,-5
106,-6
107,-7
108,-7
109,-8
110,-8
111,-8
112,-8
113,-8
114,-7
115,-6
116,-6
117,-5
118,-4
119,-4
120,-4
121,-4
122,-5
123,-7
124,-8
125,-10
126,-12
127,-15
128,-17
129,-19
130,-20
131,-19
132,-17
133,-11
134,-2
135,11
136,25
137,41
138,55
139,67
140,75
141,77
142,73
143,64
144,50
145,33
146,15
147,-3
148,-19
149,-31
150,-40
151,-46
152,-49
153,-50
154,-49
155,-47
156,-44
157,-40
158,-36
159,-32
160,-28
161,-23
162,-20
163,-16
164,-14
165,-13
166,-12
167,-12
168,-12
169,-12
170,-11
171,-10
172,-9
173,-7
174,-6
175,-5
176,-5
177,-4
178,-4
179,-4
180,-4
181,-3
182,-2
183,-1
184,-1
185,0
186,0
187,-1
188,-2
189,-3
190,-3
191,-4
192,-4
193,-4
194,-3
195,-3
196,-2
197,-2
198,-1
199,-2
200,-2
201,-2
202,-2
203,-3
204,-3
205,-4
206,-4
207,-4
208,-5
209,-4
210,-4
211,-3
212,-1
213,1
214,4
215,6
216,8
217,9
218,10
219,10
220,9
221,8
222,7
223,6
224,5
225,5
226,6
227,6
228,8
229,9
230,10
231,12
232,13
233,15
234,17
235,18
236,19
237,20
238,20
239,20
240,19
241,18
242,18
243,18
244,18
245,19
246,21
247,24
248,27
249,30
250,34
251,36
252,38
253,39
254,40
255,39
256,37
257,36
258,34
259,33
260,32
261,31
262,31
263,31
264,32
265,32
266,32
267,32
268,31
269,30
270,29
271,28
272,26
273,25
274,24
275,22
276,20
277,18
278,15
279,13
280,10
281,7
282,5
283,4
284,3
285,3
286,3
287,3
288,3
289,2
290,1
291,-1
292,-3
293,-5
294,-7
295,-8
296,-9
297,-10
298,-9
299,-9
300,-8
301,-7
302,-6
303,-5
304,-5
305,-5
306,-6
307,-7
308,-8
309,-9
310,-11
311,-12
312,-12
313,-13
314,-13
315,-14
316,-14
317,-14
318,-14
319,-14
320,-13
321,-12
322,-11
323,-9
324,-7
325,-5
326,-4
327,-3
328,-3
329,-4
330,-6
331,-8
332,-10
333,-13
334,-14
335,-15
336,-15
337,-14
338,-12
339,-10
340,-9
341,-7
342,-6
343,-6
344,-6
345,-6
346,-6
347,-6
348,-6
349,-6
350,-6
351,-7
352,-7
353,-7
354,-6
355,-5
356,-4
357,-3
358,-1
359,1
360,2
361,2
362,1
363,0
364,-2
365,-4
366,-6
367,-7
368,-7
369,-7
370,-6
371,-4
372,-3
373,-1
374,-1
375,0
376,-1
377,-1
378,-2
379,-3
380,-3
381,-3
382,-3
383,-3
384,-3
385,-4
386,-4
387,-4
388,-4
389,-3
390,-3
391,-3
392,-3
393,-3
394,-4
395,-4
396,-5
397,-6
398,-6
399,-6
400,-6
401,-6
402,-6
403,-6
404,-7
405,-8
406,-9
407,-10
408,-10
409,-10
410,-10
411,-9
412,-7
413,-5
414,-4
415,-3
416,-3
417,-4
418,-6
419,-8
420,-9
421,-10
422,-10
423,-10
424,-8
425,-7
426,-6
427,-5
428,-6
429,-7
430,-8
431,-10
432,-11
433,-12
434,-11
435,-10
436,-8
437,-6
438,-4
439,-3
440,-3
441,-4
442,-6
443,-8
444,-10
445,-11
446,-12
447,-12
448,-11
449,-10
450,-8
451,-6
452,-5
453,-4
454,-4
455,-5
456,-6
457,-7
458,-8
459,-8
460,-8
461,-7
462,-6
463,-5
464,-4
465,-4
466,-4
467,-5
468,-6
469,-7
470,-8
471,-8
472,-8
473,-8
474,-7
475,-7
476,-6
477,-6
478,-6
479,-6
480,-6
481,-6
482,-6
483,-6
484,-6
485,-5
486,-4
487,-4
488,-4
489,-5
490,-6
491,-6
492,-6
493,-5
494,-3
495,-1
496,1
497,3
498,5
499,5
500,5
501,4
502,2
503,0
504,-1
505,-1
506,-1
507,0
508,1
509,2
510,2
511,2
512,1
513,0
514,-2
515,-3
516,-4
517,-5
518,-5
519,-5
520,-5
521,-6
522,-6
523,-7
524,-8
525,-9
526,-9
527,-10
528,-10
529,-9
530,-9
531,-7
532,-6
533,-5
534,-4
535,-3
536,-3
537,-2
538,-2
539,-3
540,-4
541,-5
542,-7
543,-9
544,-11
545,-12
546,-13
547,-14
548,-15
549,-15
550,-16
551,-16
552,-15
553,-14
554,-12
555,-8
556,-2
557,6
558,16
559,28
560,41
561,54
562,65
563,73
564,77
565,76
566,70
567,58
568,43
569,24
570,5
571,-13
572,-29
573,-41
574,-48
575,-52
576,-51
577,-48
578,-43
579,-38
580,-33
581,-29
582,-26
583,-24
584,-23
585,-22
586,-21
587,-19
588,-17
589,-14
590,-12
591,-9
592,-7
593,-5
594,-4
595,-3
596,-3
597,-3
598,-3
599,-3
600,-2
601,-2
602,0
603,1
604,3
605,4
606,5
607,6
608,6
609,6
610,5
611,4
612,3
613,2
614,0
615,-1
616,-2
617,-3
618,-3
619,-4
620,-3
621,-2
622,-1
623,1
624,3
625,5
626,6
627,6
628,6
629,5
630,3
631,2
632,0
633,0
634,-1
635,0
636,1
637,3
638,5
639,6
640,8
641,9
642,9
643,10
644,10
645,11
646,11
647,12
648,12
649,12
650,12
651,12
652,12
653,11
654,11
655,10
656,10
657,11
658,12
659,14
660,15
661,17
662,19
663,20
664,21
665,22
666,23
667,23
668,24
669,25
670,26
671,27
672,28
673,29
674,30
675,31
676,33
677,34
678,36
679,38
680,39
681,40
682,40
683,39
684,37
685,34
686,32
687,30
688,28
689,28
690,29
691,31
692,32
693,34
694,34
695,33
696,31
697,28
698,25
699,21
700,18
701,15
702,13
703,12
704,11
705,9
706,7
707,5
708,2
709,0
710,-2
711,-3
712,-2
713,-1
714,0
715,2
716,3
717,4
718,4
719,3
720,1
721,-1
722,-2
723,-3
724,-4
725,-4
726,-3
727,-3
728,-3
729,-3
730,-4
731,-5
732,-6
733,-7
734,-8
735,-8
736,-7
737,-7
738,-7
739,-6
740,-7
741,-8
742,-9
743,-11
744,-12
745,-13
746,-14
747,-13
748,-11
749,-10
750,-7
751,-5
752,-4
753,-3
754,-3
755,-3
756,-4
757,-5
758,-6
759,-7
760,-7
761,-8
762,-8
763,-8
764,-8
765,-8
766,-7
767,-7
768,-6
769,-5
770,-4
771,-3
772,-2
773,-1
774,-1
775,0
776,0
777,0
778,0
779,0
780,-1
781,-1
782,-2
783,-3
784,-4
785,-5
786,-6
787,-6
788,-6
789,-5
790,-4
791,-2
792,0
793,1
794,2
795,2
796,1
797,0
798,-2
799,-3
800,-4
801,-5
802,-5
803,-4
804,-3
805,-2
806,-2
807,-2
808,-2
809,-3
810,-4
811,-4
812,-4
813,-4
814,-3
815,-2
816,-2
817,-1
818,-2
819,-3
820,-4
821,-5
822,-6
823,-6
824,-5
825,-4
826,-2
827,0
828,1
829,2
830,1
831,-1
832,-3
833,-5
834,-7
835,-8
836,-9
837,-8
838,-8
839,-6
840,-5
841,-4
842,-3
843,-3
844,-3
845,-3
846,-3
847,-3
848,-3
849,-2
850,-1
851,0
852,1
853,1
854,1
855,-1
856,-2
857,-4
858,-6
859,-8
860,-9
861,-9
862,-8
863,-7
864,-5
865,-4
866,-3
867,-2
868,-3
869,-4
870,-5
871,-7
872,-8
873,-9
874,-10
875,-10
876,-10
877,-9
878,-9
879,-8
880,-8
881,-8
882,-8
883,-8
884,-7
885,-6
886,-5
887,-4
888,-2
889,-1
890,-1
891,-1
892,-2
893,-3
894,-5
895,-7
896,-8
897,-9
898,-9
899,-8
900,-7
901,-6
902,-4
903,-3
904,-3
905,-2
906,-3
907,-4
908,-6
909,-7
910,-8
911,-9
912,-8
913,-8
914,-6
915,-5
916,-3
917,-2
918,-2
919,-2
920,-3
921,-5
922,-7
923,-8
924,-9
925,-9
926,-8
927,-6
928,-3
929,-1
930,1
931,3
932,3
933,2
934,1
935,0
936,-1
937,-2
938,-1
939,0
940,1
941,3
942,4
943,5
944,5
945,4
946,3
947,2
948,1
949,0
950,0
951,-1
952,-1
953,-2
954,-3
955,-5
956,-7
957,-8
958,-10
959,-10
960,-10
961,-10
962,-8
963,-7
964,-6
965,-5
966,-5
967,-5
968,-7
969,-8
970,-10
971,-11
972,-12
973,-12
974,-11
975,-10
976,-9
977,-7
978,-6
979,-5
980,-5
981,-5
982,-5
983,-6
984,-7
985,-9
986,-11
987,-13
988,-14
989,-16
990,-16
991,-14
992,-9
993,-2
994,8
995,21
996,35
997,49
998,62
999,73
1000,78
1001,79
1002,74
1003,64
1004,50
1005,33
1006,14
1007,-5
1008,-22
1009,-36
1010,-47
1011,-55
1012,-58
1013,-58
1014,-54
1015,-49
1016,-42
1017,-35
1018,-29
1019,-24
1020,-20
1021,-17
1022,-16
1023,-15
1024,-14
1025,-13
1026,-11
1027,-9
1028,-6
1029,-4
1030,-3
1031,-2
1032,-3
1033,-4
1034,-6
1035,-8
1036,-10
1037,-11
1038,-11
1039,-9
1040,-7
1041,-5
1042,-3
1043,-2
1044,-1
1045,-1
1046,-2
1047,-2
1048,-3
1049,-3
1050,-2
1051,-1
1052,-1
1053,0
1054,1
1055,2
1056,2
1057,3
1058,3
1059,3
1060,3
1061,3
1062,3
1063,2
1064,2
1065,1
1066,1
1067,1
1068,1
1069,1
1070,1
1071,2
1072,2
1073,2
1074,2
1075,2
1076,3
1077,4
1078,5
1079,7
1080,9
1081,10
1082,11
1083,11
1084,10
1085,8
1086,6
1087,4
1088,3
1089,3
1090,4
1091,6
1092,9
1093,12
1094,15
1095,16
1096,17
1097,18
1098,17
1099,17
1100,17
1101,17
1102,18
1103,20
1104,23
1105,26
1106,28
1107,30
1108,31
1109,31
1110,31
1111,31
1112,30
1113,30
1114,30
1115,30
1116,32
1117,33
1118,34
1119,36
1120,37
1121,38
1122,39
1123,39
1124,39
1125,38
1126,37
1127,36
1128,34
1129,33
1130,31
1131,29
1132,27
1133,25
1134,23
1135,22
1136,21
1137,20
1138,19
1139,19
1140,17
1141,16
1142,14
1143,11
1144,8
1145,5
1146,3
1147,0
1148,-1
1149,-2
1150,-2
1151,-2
1152,-1
1153,-1
1154,0
1155,0
1156,0
1157,0
1158,-1
1159,-1
1160,-1
1161,-1
1162,-2
1163,-2
1164,-3
1165,-3
1166,-4
1167,-5
1168,-6
1169,-7
1170,-8
1171,-8
1172,-9
1173,-9
1174,-10
1175,-10
1176,-10
1177,-10
1178,-10
1179,-9
1180,-8
1181,-7
1182,-5
1183,-3
1184,-2
1185,-2
1186,-3
1187,-6
1188,-8
1189,-11
1190,-14
1191,-16
1192,-16
1193,-15
1194,-13
1195,-10
1196,-7
1197,-5
1198,-4
1199,-3
1200,-4
1201,-5
1202,-6
1203,-6
1204,-6
1205,-5
1206,-4
1207,-3
1208,-2
1209,-1
1210,-2
1211,-3
1212,-5
1213,-7
1214,-8
1215,-8
1216,-7
1217,-5
1218,-3
1219,0
1220,2
1221,3
1222,3
1223,2
1224,1
1225,-1
1226,-3
1227,-5
1228,-6
1229,-7
1230,-7
1231,-6
1232,-5
1233,-3
1234,-1
1235,1
1236,2
1237,4
1238,5
1239,4
1240,3
1241,1
1242,-1
1243,-3
1244,-5
1245,-7
1246,-7
1247,-6
1248,-5
1249,-4
1250,-2
1251,-2
1252,-2
1253,-2
1254,-3
1255,-5
1256,-6
1257,-7
1258,-8
1259,-8
1260,-7
1261,-7
1262,-7
1263,-6
1264,-6
1265,-6
1266,-6
1267,-6
1268,-5
1269,-5
1270,-4
1271,-4
1272,-4
1273,-4
1274,-4
1275,-5
1276,-6
1277,-7
1278,-9
1279,-10
1280,-11
1281,-12
1282,-13
1283,-13
1284,-12
1285,-11
1286,-10
1287,-8
1288,-5
1289,-3
1290,-2
1291,0
1292,0
1293,-1
1294,-2
1295,-4
1296,-7
1297,-9
1298,-11
1299,-12
1300,-11
1301,-10
1302,-7
1303,-4
1304,-1
1305,1
1306,2
1307,1
1308,-1
1309,-4
1310,-8
1311,-12
1312,-14
1313,-16
1314,-15
1315,-14
1316,-12
1317,-10
1318,-8
1319,-6
1320,-6
1321,-7
1322,-8
1323,-9
1324,-10
1325,-10
1326,-10
1327,-8
1328,-6
1329,-4
1330,-3
1331,-1
1332,-1
1333,-1
1334,-2
1335,-2
1336,-3
1337,-4
1338,-5
1339,-6
1340,-7
1341,-8
1342,-9
1343,-10
1344,-11
1345,-11
1346,-11
1347,-10
1348,-9
1349,-7
1350,-6
1351,-5
1352,-5
1353,-4
1354,-4
1355,-4
1356,-5
1357,-5
1358,-5
1359,-6
1360,-6
1361,-7
1362,-8
1363,-9
1364,-10
1365,-10
1366,-10
1367,-10
1368,-9
1369,-7
1370,-5
1371,-4
1372,-4
1373,-4
1374,-6
1375,-8
1376,-10
1377,-12
1378,-14
1379,-13
1380,-12
1381,-10
1382,-7
1383,-4
1384,-2
1385,-1
1386,-1
1387,-2
1388,-3
1389,-4
1390,-4
1391,-4
1392,-3
1393,-1
1394,1
1395,3
1396,3
1397,3
1398,2
1399,1
1400,-1
1401,-2
1402,-3
1403,-3
1404,-2
1405,-1
1406,0
1407,2
1408,3
1409,3
1410,3
1411,3
1412,3
1413,2
1414,1
1415,0
1416,0
1417,0
1418,0
1419,0
1420,1
1421,2
1422,3
1423,3
1424,3
1425,2
1426,0
1427,-2
1428,-5
1429,-8
1430,-10
1431,-12
1432,-13
1433,-13
1434,-11
1435,-10
1436,-8
1437,-6
1438,-5
1439,-5
1440,-5
1441,-6
1442,-7
1443,-8
1444,-9
1445,-10
1446,-11
1447,-11
1448,-11
1449,-10
1450,-10
1451,-9
1452,-9
1453,-9
1454,-9
1455,-11
1456,-12
1457,-14
1458,-15
1459,-15
1460,-12
1461,-7
1462,1
1463,12
1464,25
1465,39
1466,52
1467,63
1468,71
1469,74
1470,73
1471,68
1472,58
1473,44
1474,29
1475,13
1476,-3
1477,-18
1478,-30
1479,-40
1480,-47
1481,-51
1482,-52
1483,-50
1484,-47
1485,-42
1486,-37
1487,-32
1488,-27
1489,-23
1490,-19
1491,-16
1492,-14
1493,-11
1494,-9
1495,-7
1496,-6
1497,-4
1498,-4
1499,-3
1500,-3
1501,-2
1502,-3
1503,-3
1504,-3
1505,-3
1506,-3
1507,-4
1508,-4
1509,-5
1510,-6
1511,-6
1512,-6
1513,-6
1514,-5
1515,-3
1516,-1
1517,1
1518,3
1519,5
1520,5
1521,5
1522,4
1523,2
1524,0
1525,-2
1526,-3
1527,-4
1528,-3
1529,-2
1530,0
1531,1
1532,3
1533,4
1534,5
1535,5
1536,4
1537,3
1538,1
1539,0
1540,0
1541,0
1542,1
1543,2
1544,3
1545,4
1546,5
1547,6
1548,7
1549,7
1550,7
1551,7
1552,7
1553,7
1554,7
1555,8
1556,8
1557,9
1558,10
1559,11
1560,13
1561,14
1562,15
1563,16
1564,17
1565,17
1566,17
1567,16
1568,16
1569,15
1570,15
1571,15
1572,17
1573,19
1574,23
1575,26
1576,29
1577,32
1578,33
1579,33
1580,33
1581,32
1582,31
1583,29
1584,29
1585,29
1586,30
1587,31
1588,32
1589,33
1590,34
1591,35
1592,35
1593,36
1594,36
1595,36
1596,37
1597,37
1598,37
1599,36
1600,34
1601,31
1602,28
1603,25
1604,23
1605,20
1606,19
1607,18
1608,17
1609,16
1610,15
1611,13
1612,11
1613,9
1614,6
1615,4
1616,1
1617,0
1618,-1
1619,-2
1620,-2
1621,-2
1622,-2
1623,-3
1624,-3
1625,-4
1626,-4
1627,-4
1628,-4
1629,-4
1630,-3
1631,-1
1632,0
1633,1
1634,1
1635,0
1636,-1
1637,-3
1638,-5
1639,-7
1640,-9
1641,-11
1642,-12
1643,-11
1644,-11
1645,-9
1646,-7
1647,-6
1648,-4
1649,-3
1650,-3
1651,-3
1652,-3
1653,-4
1654,-6
1655,-7
1656,-9
1657,-10
1658,-11
1659,-11
1660,-11
1661,-9
1662,-8
1663,-5
1664,-3
1665,-1
1666,0
1667,0
1668,-1
1669,-3
1670,-5
1671,-7
1672,-8
1673,-9
1674,-8
1675,-8
1676,-6
1677,-5
1678,-4
1679,-4
1680,-5
1681,-5
1682,-6
1683,-6
1684,-6
1685,-4
1686,-2
1687,0
1688,2
1689,3
1690,4
1691,3
1692,1
1693,-2
1694,-4
1695,-5
1696,-6
1697,-5
1698,-4
1699,-2
1700,0
1701,0
1702,0
1703,-1
1704,-2
1705,-4
1706,-6
1707,-7
1708,-7
1709,-6
1710,-6
1711,-5
1712,-4
1713,-4
1714,-4
1715,-4
1716,-5
1717,-6
1718,-6
1719,-6
1720,-6
1721,-7
1722,-7
1723,-7
1724,-8
1725,-9
1726,-9
1727,-9
1728,-9
1729,-7
1730,-5
1731,-3
1732,-1
1733,0
1734,1
1735,0
1736,-2
1737,-5
1738,-8
1739,-10
1740,-12
1741,-14
1742,-14
1743,-13
1744,-11
1745,-9
1746,-7
1747,-6
1748,-6
1749,-6
1750,-7
1751,-9
1752,-10
1753,-11
1754,-12
1755,-11
1756,-10
1757,-8
1758,-6
1759,-4
1760,-2
1761,-2
1762,-2
1763,-4
1764,-6
1765,-9
1766,-11
1767,-12
1768,-13
1769,-12
1770,-10
1771,-8
1772,-6
1773,-4
1774,-3
1775,-3
1776,-4
1777,-6
1778,-7
1779,-9
1780,-10
1781,-10
1782,-9
1783,-8
1784,-7
1785,-6
1786,-5
1787,-5
1788,-6
1789,-7
1790,-8
1791,-8
1792,-8
1793,-8
1794,-8
1795,-7
1796,-6
1797,-5
1798,-5
1799,-6
1800,-6
1801,-7
1802,-7
1803,-8
1804,-7
1805,-7
1806,-6
1807,-4
1808,-4
1809,-3
1810,-4
1811,-5
1812,-6
1813,-8
1814,-10
1815,-11
1816,-12
1817,-11
1818,-10
1819,-8
1820,-6
1821,-4
1822,-2
1823,-1
1824,-1
1825,-2
1826,-4
1827,-6
1828,-8
1829,-10
1830,-10
1831,-11
1832,-11
1833,-10
1834,-9
1835,-7
1836,-6
1837,-5
1838,-4
1839,-3
1840,-2
1841,-2
1842,-1
1843,-1
1844,-1
1845,-1
1846,-2
1847,-2
1848,-2
1849,-2
1850,-1
1851,1
1852,3
1853,5
1854,7
1855,8
1856,8
1857,7
1858,5
1859,2
1860,0
1861,-3
1862,-5
1863,-6
1864,-6
1865,-6
1866,-5
1867,-4
1868,-3
1869,-2
1870,-2
1871,-2
1872,-2
1873,-3
1874,-4
1875,-5
1876,-6
1877,-7
1878,-9
1879,-10
1880,-12
1881,-13
1882,-13
1883,-12
1884,-10
1885,-8
1886,-6
1887,-3
1888,-2
1889,-1
1890,-1
1891,-2
1892,-4
1893,-6
1894,-8
1895,-10
1896,-11
1897,-12
1898,-13
1899,-14
1900,-14
1901,-15
1902,-15
1903,-14
1904,-11
1905,-7
1906,1
1907,11
1908,23
1909,36
1910,49
1911,61
1912,69
1913,74
1914,73
1915,68
1916,58
1917,44
1918,28
1919,11
1920,-5
1921,-20
1922,-32
1923,-41
1924,-46
1925,-49
1926,-49
1927,-48
1928,-45
1929,-42
1930,-38
1931,-34
1932,-30
1933,-26
1934,-21
1935,-17
1936,-13
1937,-10
1938,-7
1939,-6
1940,-5
1941,-5
1942,-6
1943,-7
1944,-8
1945,-9
1946,-8
1947,-8
1948,-6
1949,-4
1950,-2
1951,-1
1952,1
1953,2
1954,2
1955,2
1956,1
1957,0
1958,-1
1959,-2
1960,-2
1961,-3
1962,-2
1963,-1
1964,1
1965,3
1966,5
1967,7
1968,8
1969,8
1970,7
1971,6
1972,4
1973,2
1974,0
1975,-2
1976,-2
1977,-2
1978,-1
1979,1
1980,3
1981,4
1982,5
1983,6
1984,7
1985,7
1986,7
1987,7
1988,8
1989,8
1990,9
1991,9
1992,9
1993,9
1994,8
1995,8
1996,7
1997,7
1998,8
1999,9
2000,10
2001,12
2002,14
2003,15
2004,16
2005,17
2006,17
2007,16
2008,16
2009,16
2010,17
2011,17
2012,18
2013,20
2014,21
2015,23
2016,24
2017,26
2018,27
2019,28
2020,29
2021,30
2022,31
2023,33
2024,34
2025,35
2026,36
2027,37
2028,39
2029,40
2030,42
2031,43
2032,44
2033,44
2034,43
2035,42
2036,40
2037,38
2038,36
2039,34
2040,33
2041,32
2042,32
2043,32
2044,32
2045,32
2046,31
2047,30
2048,27
2049,24
2050,21
2051,17
2052,14
2053,12
2054,10
2055,9
2056,8
2057,7
2058,6
2059,6
2060,5
2061,4
2062,4
2063,4
2064,4
2065,4
2066,5
2067,5
2068,5
2069,4
2070,3
2071,1
2072,-1
2073,-4
2074,-6
2075,-9
2076,-10
2077,-11
2078,-11
2079,-10
2080,-9
2081,-7
2082,-5
2083,-4
2084,-4
2085,-4
2086,-5
2087,-6
2088,-8
2089,-9
2090,-10
2091,-10
2092,-10
2093,-9
2094,-8
2095,-6
2096,-5
2097,-4
2098,-3
2099,-3
2100,-3
2101,-4
2102,-5
2103,-6
2104,-6
2105,-7
2106,-6
2107,-5
2108,-4
2109,-3
2110,-2
2111,-1
2112,-1
2113,-1
2114,-2
2115,-3
2116,-5
2117,-6
2118,-6
2119,-7
2120,-6
2121,-6
2122,-5
2123,-4
2124,-3
2125,-3
2126,-3
2127,-3
2128,-4
2129,-4
2130,-4
2131,-4
2132,-3
2133,-2
2134,0
2135,2
2136,4
2137,5
2138,5
2139,5
2140,4
2141,2
2142,1
2143,-1
2144,-2
2145,-2
2146,-2
2147,-2
2148,-2
2149,-1
2150,-1
2151,-1
2152,-2
2153,-2
2154,-2
2155,-1
2156,-1
2157,0
2158,1
2159,2
2160,2
2161,1
2162,0
2163,-1
2164,-2
2165,-3
2166,-3
2167,-3
2168,-3
2169,-2
2170,-1
2171,-1
2172,-1
2173,-1
2174,-2
2175,-3
2176,-3
2177,-3
2178,-3
2179,-3
2180,-2
2181,-2
2182,-2
2183,-2
2184,-3
2185,-4
2186,-6
2187,-8
2188,-9
2189,-10
2190,-10
2191,-9
2192,-9
2193,-8
2194,-8
2195,-8
2196,-7
2197,-7
2198,-7
2199,-6
2200,-5
2201,-3
2202,-2
2203,-1
2204,-1
2205,-1
2206,-1
2207,-2
2208,-3
2209,-3
2210,-3
2211,-3
2212,-3
2213,-2
2214,-2
2215,-2
2216,-3
2217,-4
2218,-6
2219,-8
2220,-9
2221,-10
2222,-10
2223,-10
2224,-9
2225,-8
2226,-8
2227,-8
2228,-8
2229,-9
2230,-9
2231,-10
2232,-9
2233,-8
2234,-7
2235,-5
2236,-4
2237,-3
2238,-3
2239,-3
2240,-4
2241,-5
2242,-6
2243,-7
2244,-7
2245,-6
2246,-4
2247,-3
2248,-2
2249,-1
2250,-1
2251,-2
2252,-4
2253,-5
2254,-7
2255,-8
2256,-9
2257,-9
2258,-9
2259,-9
2260,-8
2261,-8
2262,-8
2263,-8
2264,-8
2265,-8
2266,-7
2267,-6
2268,-4
2269,-3
2270,-1
2271,0
2272,0
2273,0
2274,0
2275,0
2276,0
2277,0
2278,1
2279,3
2280,4
2281,5
2282,6
2283,6
2284,4
2285,2
2286,0
2287,-3
2288,-5
2289,-6
2290,-7
2291,-7
2292,-6
2293,-4
2294,-3
2295,-1
2296,0
2297,1
2298,1
2299,1
2300,1
2301,0
2302,-1
2303,-3
2304,-5
2305,-6
2306,-8
2307,-9
2308,-10
2309,-10
2310,-9
2311,-8
2312,-7
2313,-6
2314,-5
2315,-5
2316,-5
2317,-5
2318,-5
2319,-6
2320,-7
2321,-7
2322,-8
2323,-8
2324,-9
2325,-10
2326,-11
2327,-12
2328,-13
2329,-13
2330,-13
2331,-13
2332,-13
2333,-12
2334,-12
2335,-12
2336,-13
2337,-15
2338,-17
2339,-18
2340,-17
2341,-13
2342,-6
2343,4
2344,18
2345,34
2346,50
2347,64
2348,75
2349,80
2350,79
2351,72
2352,60
2353,43
2354,25
2355,7
2356,-11
2357,-25
2358,-37
2359,-45
2360,-51
2361,-54
2362,-55
2363,-55
2364,-54
2365,-51
2366,-48
2367,-43
2368,-37
2369,-31
2370,-25
2371,-20
2372,-16
2373,-14
2374,-13
2375,-12
2376,-13
2377,-13
2378,-13
2379,-12
2380,-11
2381,-9
2382,-7
2383,-6
2384,-5
2385,-5
2386,-6
2387,-7
2388,-8
2389,-9
2390,-10
2391,-10
2392,-9
2393,-8
2394,-7
2395,-6
2396,-5
2397,-4
2398,-4
2399,-4
2400,-4
2401,-4
2402,-4
2403,-4
2404,-3
2405,-3
2406,-2
2407,-2
2408,-2
2409,-2
2410,-2
2411,-3
2412,-3
2413,-4
2414,-4
2415,-3
2416,-2
2417,-1
2418,0
2419,1
2420,2
2421,3
2422,3
2423,3
2424,2
2425,2
2426,1
2427,1
2428,1
2429,1
2430,1
2431,1
2432,2
2433,3
2434,4
2435,5
2436,7
2437,8
2438,8
2439,9
2440,8
2441,8
2442,8
2443,7
2444,7
2445,8
2446,9
2447,11
2448,13
2449,16
2450,18
2451,20
2452,21
2453,22
2454,22
2455,22
2456,22
2457,22
2458,23
2459,23
2460,24
2461,26
2462,28
2463,30
2464,32
2465,34
2466,35
2467,37
2468,37
2469,38
2470,38
2471,37
2472,37
2473,36
2474,35
2475,35
2476,34
2477,33
2478,32
2479,31
2480,30
2481,28
2482,26
2483,24
2484,22
2485,20
2486,17
2487,15
2488,13
2489,11
2490,9
2491,8
2492,7
2493,6
2494,5
2495,5
2496,4
2497,3
2498,2
2499,0
2500,-2
2501,-4
2502,-6
2503,-8
2504,-9
2505,-10
2506,-9
2507,-8
2508,-6
2509,-5
2510,-3
2511,-2
2512,-2
2513,-3
2514,-4
2515,-5
2516,-6
2517,-7
2518,-8
2519,-8
2520,-9
2521,-9
2522,-9
2523,-9
2524,-10
2525,-11
2526,-11
2527,-12
2528,-12
2529,-12
2530,-12
2531,-12
2532,-12
2533,-12
2534,-12
2535,-13
2536,-13
2537,-12
2538,-11
2539,-10
2540,-7
2541,-5
2542,-2
2543,0
2544,1
2545,1
2546,0
2547,-2
2548,-5
2549,-8
2550,-10
2551,-12
2552,-12
2553,-12
2554,-10
2555,-7
2556,-5
2557,-2
2558,-1
2559,0
2560,-1
2561,-4
2562,-6
2563,-10
2564,-12
2565,-14
2566,-14
2567,-13
2568,-11
2569,-8
2570,-4
2571,-1
2572,2
2573,3
2574,3
2575,3
2576,1
2577,0
2578,-2
2579,-3
2580,-3
2581,-3
2582,-3
2583,-2
2584,-2
2585,-1
2586,-1
2587,0
2588,0
2589,0
2590,0
2591,0
2592,-1
2593,-1
2594,-1
2595,-2
2596,-2
2597,-3
2598,-3
2599,-3
2600,-3
2601,-2
2602,-2
2603,-2
2604,-3
2605,-3
2606,-4
2607,-5
2608,-6
2609,-6
2610,-6
2611,-6
2612,-5
2613,-4
2614,-3
2615,-1
2616,0
2617,0
2618,0
2619,0
2620,0
2621,-1
2622,-2
2623,-4
2624,-5
2625,-6
2626,-6
2627,-7
2628,-6
2629,-6
2630,-5
2631,-3
2632,-2
2633,0
2634,1
2635,1
2636,1
2637,0
2638,-1
2639,-2
2640,-3
2641,-4
2642,-5
2643,-5
2644,-5
2645,-5
2646,-5
2647,-5
2648,-5
2649,-6
2650,-7
2651,-7
2652,-8
2653,-8
2654,-8
2655,-8
2656,-7
2657,-6
2658,-4
2659,-3
2660,-3
2661,-3
2662,-3
2663,-4
2664,-5
2665,-5
2666,-5
2667,-5
2668,-5
2669,-3
2670,-2
2671,0
2672,1
2673,1
2674,1
2675,0
2676,-1
2677,-3
2678,-5
2679,-7
2680,-9
2681,-10
2682,-10
2683,-10
2684,-9
2685,-7
2686,-6
2687,-4
2688,-3
2689,-3
2690,-2
2691,-3
2692,-4
2693,-5
2694,-6
2695,-7
2696,-8
2697,-8
2698,-7
2699,-6
2700,-4
2701,-2
2702,0
2703,2
2704,3
2705,3
2706,2
2707,1
2708,-1
2709,-2
2710,-3
2711,-4
2712,-4
2713,-3
2714,-2
2715,0
2716,1
2717,2
2718,3
2719,4
2720,4
2721,4
2722,4
2723,4
2724,4
2725,4
2726,4
2727,4
2728,3
2729,3
2730,3
2731,3
2732,3
2733,4
2734,5
2735,6
2736,6
2737,6
2738,5
2739,3
2740,1
2741,-1
2742,-2
2743,-3
2744,-3
2745,-2
2746,-1
2747,0
2748,0
2749,-1
2750,-4
2751,-6
2752,-9
2753,-11
2754,-12
2755,-12
2756,-10
2757,-7
2758,-3
2759,0
2760,2
2761,2
2762,1
2763,-1
2764,-5
2765,-8
2766,-11
2767,-12
2768,-13
2769,-12
2770,-10
2771,-8
2772,-6
2773,-6
2774,-7
2775,-9
2776,-11
2777,-14
2778,-15
2779,-14
2780,-10
2781,-3
2782,7
2783,20
2784,34
2785,48
2786,60
2787,69
2788,75
2789,76
2790,73
2791,66
2792,56
2793,43
2794,29
2795,14
2796,-1
2797,-15
2798,-28
2799,-38
2800,-46
2801,-52
2802,-54
2803,-53
2804,-50
2805,-46
2806,-40
2807,-33
2808,-28
2809,-23
2810,-19
2811,-17
2812,-15
2813,-14
2814,-13
2815,-12
2816,-10
2817,-9
2818,-7
2819,-5
2820,-4
2821,-3
2822,-3
2823,-4
2824,-6
2825,-7
2826,-7
2827,-6
2828,-5
2829,-2
2830,1
2831,5
2832,7
2833,9
2834,9
2835,8
2836,5
2837,1
2838,-3
2839,-6
2840,-8
2841,-9
2842,-8
2843,-5
2844,-2
2845,2
2846,4
2847,6
2848,6
2849,4
2850,2
2851,0
2852,-1
2853,-2
2854,-2
2855,0
2856,2
2857,4
2858,7
2859,8
2860,9
2861,9
2862,9
2863,8
2864,7
2865,7
2866,6
2867,6
2868,7
2869,7
2870,7
2871,6
2872,6
2873,7
2874,8
2875,9
2876,11
2877,13
2878,15
2879,16
2880,16
2881,16
2882,15
2883,13
2884,12
2885,11
2886,11
2887,12
2888,14
2889,17
2890,21
2891,24
2892,27
2893,29
2894,30
2895,30
2896,30
2897,30
2898,30
2899,30
2900,30
2901,31
2902,33
2903,34
2904,35
2905,36
2906,37
2907,38
2908,38
2909,39
2910,40
2911,40
2912,40
2913,39
2914,38
2915,36
2916,34
2917,31
2918,29
2919,27
2920,25
2921,24
2922,24
2923,23
2924,23
2925,22
2926,20
2927,18
2928,15
2929,12
2930,10
2931,7
2932,6
2933,5
2934,5
2935,5
2936,5
2937,5
2938,5
2939,4
2940,2
2941,0
2942,-2
2943,-5
2944,-7
2945,-8
2946,-8
2947,-8
2948,-8
2949,-7
2950,-6
2951,-5
2952,-4
2953,-4
2954,-4
2955,-4
2956,-5
2957,-5
2958,-6
2959,-7
2960,-7
2961,-8
2962,-8
2963,-8
2964,-9
2965,-10
2966,-11
2967,-11
2968,-12
2969,-12
2970,-12
2971,-10
2972,-8
2973,-6
2974,-5
2975,-3
2976,-3
2977,-4
2978,-5
2979,-7
2980,-9
2981,-11
2982,-11
2983,-11
2984,-10
2985,-8
2986,-5
2987,-4
2988,-2
2989,-2
2990,-3
2991,-4
2992,-6
2993,-7
2994,-8
2995,-8
2996,-8
2997,-7
2998,-7
2999,-6
3000,-5
3001,-5
3002,-5
3003,-5
3004,-5
3005,-5
3006,-4
3007,-3
3008,-2
3009,-1
3010,0
3011,1
3012,0
3013,0
3014,-2
3015,-3
3016,-4
3017,-5
3018,-5
3019,-5
3020,-5
3021,-4
3022,-3
3023,-2
3024,-3
3025,-3
3026,-5
3027,-6
3028,-8
3029,-9
3030,-9
3031,-9
3032,-8
3033,-6
3034,-5
3035,-4
3036,-3
3037,-3
3038,-4
3039,-5
3040,-5
3041,-6
3042,-6
3043,-5
3044,-4
3045,-3
3046,-2
3047,-2
3048,-2
3049,-3
3050,-4
3051,-5
3052,-6
3053,-6
3054,-7
3055,-7
3056,-6
3057,-6
3058,-6
3059,-6
3060,-6
3061,-7
3062,-8
3063,-9
3064,-9
3065,-10
3066,-10
3067,-9
3068,-9
3069,-8
3070,-7
3071,-7
3072,-6
3073,-6
3074,-7
3075,-7
3076,-8
3077,-8
3078,-9
3079,-8
3080,-8
3081,-8
3082,-7
3083,-6
3084,-6
3085,-6
3086,-6
3087,-7
3088,-7
3089,-8
3090,-8
3091,-9
3092,-8
3093,-8
3094,-8
3095,-8
3096,-8
3097,-8
3098,-9
3099,-9
3100,-10
3101,-10
3102,-10
3103,-10
3104,-9
3105,-8
3106,-6
3107,-5
3108,-4
3109,-4
3110,-4
3111,-4
3112,-5
3113,-6
3114,-7
3115,-7
3116,-7
3117,-7
3118,-6
3119,-5
3120,-3
3121,-2
3122,-2
3123,-2
3124,-3
3125,-5
3126,-7
3127,-9
3128,-11
3129,-12
3130,-11
3131,-10
3132,-7
3133,-3
3134,0
3135,3
3136,6
3137,7
3138,6
3139,5
3140,3
3141,0
3142,-2
3143,-3
3144,-3
3145,-2
3146,0
3147,2
3148,3
3149,4
3150,3
3151,2
3152,0
3153,-3
3154,-5
3155,-7
3156,-9
3157,-9
3158,-9
3159,-8
3160,-7
3161,-6
3162,-6
3163,-6
3164,-7
3165,-8
3166,-10
3167,-12
3168,-13
3169,-15
3170,-16
3171,-16
3172,-16
3173,-16
3174,-15
3175,-14
3176,-13
3177,-11
3178,-10
3179,-8
3180,-7
3181,-6
3182,-5
3183,-5
3184,-6
3185,-7
3186,-9
3187,-11
3188,-13
3189,-15
3190,-15
3191,-12
3192,-7
3193,1
3194,12
3195,25
3196,39
3197,53
3198,64
3199,71
3200,73
3201,70
3202,61
3203,47
3204,30
3205,11
3206,-8
3207,-25
3208,-39
3209,-49
3210,-56
3211,-58
3212,-58
3213,-55
3214,-51
3215,-47
3216,-42
3217,-38
3218,-34
3219,-31
3220,-28
3221,-25
3222,-22
3223,-20
3224,-17
3225,-15
3226,-13
3227,-12
3228,-10
3229,-9
3230,-8
3231,-8
3232,-7
3233,-6
3234,-6
3235,-6
3236,-6
3237,-6
3238,-7
3239,-7
3240,-7
3241,-6
3242,-5
3243,-4
3244,-2
3245,0
3246,2
3247,3
3248,4
3249,4
3250,3
3251,2
3252,0
3253,-1
3254,-2
3255,-3
3256,-3
3257,-3
3258,-2
3259,-2
3260,-2
3261,-2
3262,-2
3263,-2
3264,-1
3265,1
3266,3
3267,6
3268,8
3269,10
3270,11
3271,11
3272,10
3273,7
3274,4
3275,1
3276,-2
3277,-3
3278,-3
3279,-1
3280,1
3281,4
3282,7
3283,8
3284,9
3285,9
3286,9
3287,8
3288,7
3289,7
3290,8
3291,9
3292,10
3293,12
3294,13
3295,14
3296,14
3297,14
3298,15
3299,15
3300,16
3301,18
3302,20
3303,22
3304,24
3305,25
3306,26
3307,27
3308,28
3309,29
3310,31
3311,33
3312,35
3313,38
3314,40
3315,42
3316,43
3317,43
3318,42
3319,40
3320,39
3321,37
3322,37
3323,37
3324,37
3325,38
3326,39
3327,39
3328,39
3329,37
3330,35
3331,32
3332,29
3333,26
3334,23
3335,20
3336,18
3337,16
3338,14
3339,12
3340,10
3341,9
3342,7
3343,5
3344,4
3345,3
3346,2
3347,1
3348,0
3349,0
3350,-1
3351,-2
3352,-2
3353,-3
3354,-4
3355,-4
3356,-5
3357,-6
3358,-6
3359,-6
3360,-5
3361,-4
3362,-3
3363,-2
3364,-1
3365,0
3366,0
3367,-1
3368,-2
3369,-4
3370,-6
3371,-7
3372,-9
3373,-11
3374,-12
3375,-13
3376,-13
3377,-13
3378,-14
3379,-13
3380,-13
3381,-12
3382,-10
3383,-9
3384,-7
3385,-6
3386,-5
3387,-5
3388,-5
3389,-5
3390,-5
3391,-6
3392,-5
3393,-5
3394,-3
3395,-2
3396,0
3397,2
3398,3
3399,3
3400,3
3401,2
3402,0
3403,-1
3404,-2
3405,-3
3406,-4
3407,-4
3408,-5
3409,-5
3410,-6
3411,-7
3412,-9
3413,-10
3414,-11
3415,-11
3416,-10
3417,-9
3418,-6
3419,-4
3420,-2
3421,0
3422,2
3423,2
3424,2
3425,2
3426,2
3427,1
3428,1
3429,1
3430,1
3431,2
3432,2
3433,2
3434,1
3435,1
3436,0
3437,-2
3438,-2
3439,-3
3440,-4
3441,-4
3442,-4
3443,-4
3444,-4
3445,-4
3446,-4
3447,-4
3448,-4
3449,-3
3450,-2
3451,-1
3452,0
3453,0
3454,0
3455,0
3456,-1
3457,-2
3458,-2
3459,-3
3460,-3
3461,-3
3462,-3
3463,-2
3464,-1
3465,-1
3466,0
3467,0
3468,-1
3469,-1
3470,-2
3471,-4
3472,-5
3473,-6
3474,-8
3475,-9
3476,-11
3477,-11
3478,-11
3479,-11
3480,-10
3481,-8
3482,-6
3483,-5
3484,-4
3485,-5
3486,-6
3487,-7
3488,-9
3489,-11
3490,-12
3491,-12
3492,-12
3493,-10
3494,-9
3495,-7
3496,-5
3497,-4
3498,-3
3499,-3
3500,-3
3501,-4
3502,-4
3503,-4
3504,-4
3505,-4
3506,-3
3507,-3
3508,-3
3509,-3
3510,-5
3511,-6
3512,-7
3513,-9
3514,-10
3515,-10
3516,-10
3517,-9
3518,-9
3519,-8
3520,-7
3521,-6
3522,-5
3523,-5
3524,-5
3525,-5
3526,-5
3527,-5
3528,-5
3529,-4
3530,-4
3531,-4
3532,-4
3533,-3
3534,-3
3535,-2
3536,-1
3537,1
3538,2
3539,4
3540,5
3541,5
3542,5
3543,3
3544,1
3545,-1
3546,-2
3547,-4
3548,-4
3549,-3
3550,-1
3551,2
3552,4
3553,6
3554,7
3555,6
3556,5
3557,3
3558,1
3559,-1
3560,-3
3561,-4
3562,-5
3563,-5
3564,-5
3565,-5
3566,-5
3567,-5
3568,-6
3569,-6
3570,-6
3571,-5
3572,-5
3573,-4
3574,-3
3575,-3
3576,-4
3577,-5
3578,-6
3579,-8
3580,-10
3581,-12
3582,-13
3583,-13
3584,-13
3585,-12
3586,-12
3587,-11
3588,-11
3589,-11
3590,-12
3591,-13
3592,-15
3593,-17
3594,-19
3595,-20
3596,-21
3597,-20
3598,-18
3599,-14
3600,-6
3601,3
3602,16
3603,29
3604,43
3605,57
3606,67
3607,75
3608,77
3609,74
3610,67
3611,54
3612,39
3613,22
3614,4
3615,-12
3616,-26
3617,-37
3618,-45
3619,-50
3620,-52
3621,-52
3622,-50
3623,-47
3624,-44
3625,-40
3626,-36
3627,-32
3628,-27
3629,-23
3630,-19
3631,-15
3632,-12
3633,-9
3634,-6
3635,-4
3636,-2
3637,-2
3638,-2
3639,-2
3640,-3
3641,-5
3642,-7
3643,-9
3644,-10
3645,-11
3646,-11
3647,-10
3648,-8
3649,-6
3650,-4
3651,-2
3652,-1
3653,0
3654,-1
3655,-1
3656,-2
3657,-2
3658,-1
3659,1
3660,2
3661,4
3662,6
3663,7
3664,6
3665,5
3666,3
3667,0
3668,-2
3669,-3
3670,-3
3671,-2
3672,0
3673,2
3674,5
3675,6
3676,7
3677,7
3678,5
3679,4
3680,2
3681,1
3682,1
3683,2
3684,3
3685,5
3686,6
3687,8
3688,9
3689,9
3690,9
3691,10
3692,10
3693,11
3694,12
3695,13
3696,14
3697,14
3698,14
3699,14
3700,13
3701,12
3702,12
3703,11
3704,12
3705,13
3706,14
3707,16
3708,18
3709,19
3710,21
3711,22
3712,23
3713,24
3714,25
3715,26
3716,28
3717,29
3718,31
3719,32
3720,33
3721,34
3722,34
3723,35
3724,36
3725,37
3726,38
3727,39
3728,41
3729,41
3730,42
3731,41
3732,40
3733,38
3734,36
3735,35
3736,33
3737,31
3738,30
3739,29
3740,27
3741,25
3742,23
3743,20
3744,17
3745,15
3746,13
3747,12
3748,11
3749,11
3750,12
3751,11
3752,10
3753,8
3754,5
3755,1
3756,-2
3757,-4
3758,-5
3759,-6
3760,-5
3761,-3
3762,-2
3763,-2
3764,-3
3765,-4
3766,-7
3767,-10
3768,-12
3769,-13
3770,-13
3771,-13
3772,-11
3773,-9
3774,-8
3775,-7
3776,-8
3777,-9
3778,-11
3779,-13
3780,-14
3781,-15
3782,-14
3783,-12
3784,-9
3785,-6
3786,-4
3787,-2
3788,-2
3789,-2
3790,-3
3791,-5
3792,-6
3793,-7
3794,-7
3795,-8
3796,-8
3797,-8
3798,-9
3799,-10
3800,-11
3801,-11
3802,-12
3803,-12
3804,-12
3805,-11
3806,-10
3807,-9
3808,-8
3809,-7
3810,-7
3811,-7
3812,-7
3813,-7
3814,-6
3815,-6
3816,-5
3817,-4
3818,-3
3819,-3
3820,-3
3821,-3
3822,-4
3823,-5
3824,-5
3825,-6
3826,-7
3827,-7
3828,-8
3829,-8
3830,-9
3831,-9
3832,-9
3833,-9
3834,-9
3835,-8
3836,-7
3837,-6
3838,-4
3839,-3
3840,-2
3841,-2
3842,-2
3843,-3
3844,-3
3845,-4
3846,-4
3847,-4
3848,-4
3849,-3
3850,-2
3851,-1
3852,-1
3853,-2
3854,-3
3855,-4
3856,-6
3857,-7
3858,-8
3859,-9
3860,-9
3861,-9
3862,-9
3863,-8
3864,-7
3865,-6
3866,-6
3867,-6
3868,-6
3869,-6
3870,-7
3871,-8
3872,-9
3873,-9
3874,-9
3875,-8
3876,-8
3877,-7
3878,-6
3879,-5
3880,-5
3881,-4
3882,-4
3883,-4
3884,-4
3885,-4
3886,-3
3887,-3
3888,-2
3889,-2
3890,-2
3891,-2
3892,-3
3893,-4
3894,-6
3895,-7
3896,-9
3897,-10
3898,-10
3899,-9
3900,-8
3901,-6
3902,-5
3903,-3
3904,-3
3905,-3
3906,-4
3907,-5
3908,-6
3909,-7
3910,-7
3911,-7
3912,-6
3913,-5
3914,-4
3915,-4
3916,-4
3917,-5
3918,-6
3919,-7
3920,-8
3921,-8
3922,-8
3923,-7
3924,-6
3925,-5
3926,-4
3927,-5
3928,-6
3929,-8
3930,-11
3931,-13
3932,-16
3933,-17
3934,-17
3935,-15
3936,-13
3937,-10
3938,-8
3939,-5
3940,-4
3941,-3
3942,-3
3943,-3
3944,-3
3945,-4
3946,-4
3947,-4
3948,-3
3949,-3
3950,-4
3951,-4
3952,-5
3953,-6
3954,-7
3955,-7
3956,-6
3957,-4
3958,-2
3959,0
3960,2
3961,4
3962,4
3963,4
3964,3
3965,1
3966,0
3967,-1
3968,-1
3969,-1
3970,-1
3971,-1
3972,-1
3973,-1
3974,-3
3975,-5
3976,-7
3977,-9
3978,-10
3979,-11
3980,-10
3981,-9
3982,-8
3983,-6
3984,-5
3985,-4
3986,-5
3987,-6
3988,-8
3989,-10
3990,-12
3991,-14
3992,-15
3993,-16
3994,-16
3995,-16
3996,-15
3997,-15
3998,-14
3999,-13
4000,-12
4001,-11
4002,-10
4003,-10
4004,-10
4005,-11
4006,-12
4007,-13
4008,-14
4009,-15
4010,-14
4011,-12
4012,-8
4013,0
4014,9
4015,21
4016,34
4017,47
4018,58
4019,68
4020,73
4021,74
4022,70
4023,60
4024,46
4025,29
4026,11
4027,-8
4028,-25
4029,-40
4030,-50
4031,-56
4032,-57
4033,-56
4034,-51
4035,-46
4036,-40
4037,-35
4038,-31
4039,-28
4040,-26
4041,-24
4042,-23
4043,-21
4044,-19
4045,-17
4046,-14
4047,-12
4048,-10
4049,-8
4050,-8
4051,-7
4052,-7
4053,-6
4054,-5
4055,-4
4056,-3
4057,-1
4058,0
4059,1
4060,1
4061,1
4062,0
4063,-2
4064,-4
4065,-5
4066,-7
4067,-8
4068,-8
4069,-8
4070,-7
4071,-5
4072,-3
4073,-1
4074,1
4075,3
4076,4
4077,5
4078,5
4079,4
4080,2
4081,1
4082,-1
4083,-2
4084,-3
4085,-3
4086,-3
4087,-1
4088,0
4089,2
4090,4
4091,6
4092,7
4093,7
4094,6
4095,5
4096,4
4097,3
4098,2
4099,2
4100,3
4101,4
4102,6
4103,8
4104,10
4105,11
4106,12
4107,12
4108,12
4109,11
4110,11
4111,11
4112,12
4113,13
4114,16
4115,18
4116,22
4117,25
4118,27
4119,29
4120,30
4121,30
4122,30
4123,29
4124,28
4125,28
4126,27
4127,27
4128,27
4129,27
4130,28
4131,30
4132,31
4133,33
4134,36
4135,38
4136,39
4137,41
4138,41
4139,41
4140,41
4141,39
4142,38
4143,37
4144,36
4145,36
4146,36
4147,36
4148,37
4149,37
4150,36
4151,35
4152,33
4153,31
4154,29
4155,26
4156,24
4157,22
4158,19
4159,17
4160,15
4161,14
4162,12
4163,10
4164,8
4165,7
4166,6
4167,5
4168,5
4169,4
4170,3
4171,2
4172,0
4173,-2
4174,-4
4175,-6
4176,-7
4177,-8
4178,-7
4179,-6
4180,-4
4181,-1
4182,1
4183,1
4184,1
4185,0
4186,-3
4187,-7
4188,-10
4189,-13
4190,-15
4191,-15
4192,-13
4193,-11
4194,-7
4195,-4
4196,-1
4197,0
4198,0
4199,-2
4200,-4
4201,-7
4202,-10
4203,-12
4204,-13
4205,-13
4206,-12
4207,-10
4208,-8
4209,-7
4210,-6
4211,-5
4212,-5
4213,-4
4214,-4
4215,-3
4216,-3
4217,-2
4218,-2
4219,-2
4220,-3
4221,-5
4222,-6
4223,-8
4224,-9
4225,-10
4226,-9
4227,-8
4228,-6
4229,-5
4230,-3
4231,-3
4232,-3
4233,-3
4234,-4
4235,-5
4236,-5
4237,-5
4238,-4
4239,-3
4240,-2
4241,-1
4242,-1
4243,-1
4244,-1
4245,-1
4246,-1
4247,-1
4248,-1
4249,0
4250,2
4251,2
4252,3
4253,2
4254,1
4255,0
4256,-2
4257,-4
4258,-6
4259,-7
4260,-8
4261,-8
4262,-7
4263,-6
4264,-5
4265,-4
4266,-3
4267,-2
4268,-1
4269,-1
4270,-1
4271,-1
4272,-2
4273,-3
4274,-3
4275,-4
4276,-5
4277,-5
4278,-5
4279,-5
4280,-4
4281,-4
4282,-3
4283,-2
4284,-2
4285,-1
4286,-1
4287,-1
4288,-2
4289,-2
4290,-3
4291,-3
4292,-4
4293,-4
4294,-4
4295,-5
4296,-5
4297,-6
4298,-7
4299,-8
4300,-8
4301,-9
4302,-10
4303,-10
4304,-10
4305,-9
4306,-9
4307,-9
4308,-8
4309,-8
4310,-8
4311,-7
4312,-7
4313,-7
4314,-6
4315,-6
4316,-5
4317,-5
4318,-5
4319,-5
4320,-5
4321,-6
4322,-6
4323,-7
4324,-7
4325,-6
4326,-6
4327,-5
4328,-5
4329,-5
4330,-5
4331,-5
4332,-6
4333,-7
4334,-8
4335,-9
4336,-9
4337,-10
4338,-10
4339,-10
4340,-10
4341,-10
4342,-10
4343,-10
4344,-10
4345,-10
4346,-9
4347,-9
4348,-8
4349,-8
4350,-9
4351,-9
4352,-10
4353,-11
4354,-12
4355,-12
4356,-12
4357,-11
4358,-9
4359,-7
4360,-5
4361,-3
4362,-2
4363,-1
4364,-1
4365,-1
4366,-2
4367,-4
4368,-5
4369,-5
4370,-6
4371,-6
4372,-6
4373,-5
4374,-5
4375,-4
4376,-4
4377,-3
4378,-3
4379,-3
4380,-3
4381,-3
4382,-3
4383,-3
4384,-4
4385,-4
4386,-4
4387,-4
4388,-3
4389,-2
4390,-1
4391,0
4392,1
4393,2
4394,2
4395,2
4396,1
4397,0
4398,-1
4399,-1
4400,-2
4401,-2
4402,-2
4403,-2
4404,-2
4405,-2
4406,-3
4407,-4
4408,-6
4409,-8
4410,-10
4411,-12
4412,-13
4413,-13
4414,-12
4415,-10
4416,-8
4417,-6
4418,-3
4419,-2
4420,-1
4421,-1
4422,-2
4423,-3
4424,-4
4425,-5
4426,-6
4427,-6
4428,-7
4429,-8
4430,-8
4431,-9
4432,-9
4433,-10
4434,-11
4435,-12
4436,-12
4437,-12
4438,-12
4439,-12
4440,-12
4441,-12
4442,-12
4443,-13
4444,-14
4445,-13
4446,-12
4447,-8
4448,-1
4449,8
4450,19
4451,32
4452,45
4453,57
4454,67
4455,72
4456,73
4457,69
4458,60
4459,47
4460,32
4461,15
4462,-2
4463,-18
4464,-30
4465,-40
4466,-46
4467,-49
4468,-49
4469,-46
4470,-42
4471,-37
4472,-31
4473,-27
4474,-22
4475,-19
4476,-17
4477,-15
4478,-14
4479,-13
4480,-12
4481,-10
4482,-8
4483,-5
4484,-3
4485,-1
4486,0
4487,0
4488,0
4489,0
4490,-1
4491,-2
4492,-3
4493,-3
4494,-2
4495,-1
4496,-1
4497,0
4498,0
4499,0
4500,-1
4501,-1
4502,-2
4503,-2
4504,-2
4505,-1
4506,-1
4507,-1
4508,0
4509,0
4510,0
4511,0
4512,0
4513,1
4514,2
4515,3
4516,4
4517,4
4518,4
4519,4
4520,2
4521,1
4522,-1
4523,-2
4524,-2
4525,-1
4526,1
4527,3
4528,5
4529,7
4530,8
4531,8
4532,7
4533,6
4534,5
4535,4
4536,4
4537,5
4538,6
4539,7
4540,8
4541,9
4542,9
4543,9
4544,9
4545,9
4546,9
4547,11
4548,13
4549,16
4550,20
4551,24
4552,27
4553,29
4554,30
4555,30
4556,29
4557,29
4558,28
4559,27
4560,27
4561,28
4562,28
4563,28
4564,29
4565,30
4566,30
4567,31
4568,33
4569,34
4570,36
4571,38
4572,38
4573,38
4574,37
4575,35
4576,32
4577,30
4578,28
4579,28
4580,29
4581,31
4582,34
4583,37
4584,39
4585,40
4586,39
4587,37
4588,33
4589,29
4590,24
4591,21
4592,18
4593,16
4594,15
4595,15
4596,15
4597,14
4598,12
4599,9
4600,5
4601,1
4602,-2
4603,-5
4604,-7
4605,-7
4606,-5
4607,-3
4608,0
4609,3
4610,5
4611,5
4612,4
4613,2
4614,-1
4615,-4
4616,-8
4617,-10
4618,-12
4619,-12
4620,-12
4621,-10
4622,-9
4623,-7
4624,-6
4625,-5
4626,-5
4627,-5
4628,-5
4629,-5
4630,-4
4631,-4
4632,-3
4633,-2
4634,-2
4635,-2
4636,-3
4637,-4
4638,-6
4639,-8
4640,-9
4641,-10
4642,-11
4643,-11
4644,-10
4645,-10
4646,-9
4647,-9
4648,-9
4649,-9
4650,-9
4651,-9
4652,-8
4653,-7
4654,-6
4655,-4
4656,-1
4657,0
4658,2
4659,2
4660,1
4661,-1
4662,-4
4663,-7
4664,-11
4665,-13
4666,-14
4667,-14
4668,-12
4669,-9
4670,-5
4671,-1
4672,2
4673,5
4674,6
4675,6
4676,4
4677,2
4678,0
4679,-3
4680,-4
4681,-5
4682,-5
4683,-4
4684,-3
4685,-2
4686,-1
4687,0
4688,0
4689,-1
4690,-1
4691,-1
4692,0
4693,0
4694,1
4695,1
4696,1
4697,0
4698,-1
4699,-2
4700,-4
4701,-5
4702,-5
4703,-5
4704,-5
4705,-3
4706,-2
4707,-1
4708,-1
4709,-1
4710,-2
4711,-4
4712,-5
4713,-6
4714,-6
4715,-5
4716,-4
4717,-2
4718,-1
4719,0
4720,1
4721,0
4722,-2
4723,-5
4724,-7
4725,-10
4726,-12
4727,-14
4728,-14
4729,-13
4730,-11
4731,-9
4732,-6
4733,-4
4734,-3
4735,-2
4736,-3
4737,-4
4738,-5
4739,-6
4740,-7
4741,-8
4742,-8
4743,-8
4744,-7
4745,-7
4746,-7
4747,-7
4748,-7
4749,-7
4750,-7
4751,-8
4752,-8
4753,-8
4754,-8
4755,-8
4756,-8
4757,-9
4758,-9
4759,-10
4760,-11
4761,-11
4762,-11
4763,-11
4764,-11
4765,-10
4766,-10
4767,-9
4768,-9
4769,-9
4770,-9
4771,-9
4772,-9
4773,-10
4774,-10
4775,-10
4776,-11
4777,-12
4778,-12
4779,-13
4780,-14
4781,-14
4782,-14
4783,-13
4784,-11
4785,-10
4786,-7
4787,-5
4788,-4
4789,-3
4790,-4
4791,-6
4792,-8
4793,-11
4794,-14
4795,-16
4796,-18
4797,-18
4798,-17
4799,-15
4800,-12
4801,-10
4802,-7
4803,-5
4804,-4
4805,-3
4806,-4
4807,-6
4808,-8
4809,-10
4810,-12
4811,-14
4812,-14
4813,-14
4814,-12
4815,-10
4816,-8
4817,-5
4818,-3
4819,-1
4820,0
4821,1
4822,1
4823,0
4824,-1
4825,-3
4826,-4
4827,-4
4828,-4
4829,-3
4830,-1
4831,0
4832,0
4833,0
4834,-1
4835,-3
4836,-6
4837,-9
4838,-12
4839,-15
4840,-16
4841,-16
4842,-15
4843,-13
4844,-10
4845,-8
4846,-5
4847,-3
4848,-2
4849,-2
4850,-2
4851,-3
4852,-4
4853,-5
4854,-5
4855,-5
4856,-4
4857,-3
4858,-3
4859,-2
4860,-2
4861,-2
4862,-2
4863,-3
4864,-4
4865,-4
4866,-5
4867,-5
4868,-5
4869,-6
4870,-7
4871,-9
4872,-11
4873,-13
4874,-14
4875,-15
4876,-16
4877,-15
4878,-15
4879,-14
4880,-13
4881,-13
4882,-14
4883,-15
4884,-16
4885,-15
4886,-11
4887,-4
4888,7
4889,21
4890,36
4891,52
4892,66
4893,75
4894,79
4895,78
4896,70
4897,57
4898,41
4899,23
4900,6
4901,-11
4902,-24
4903,-36
4904,-44
4905,-49
4906,-52
4907,-53
4908,-52
4909,-49
4910,-44
4911,-39
4912,-33
4913,-28
4914,-23
4915,-20
4916,-18
4917,-17
4918,-17
4919,-17
4920,-17
4921,-15
4922,-13
4923,-10
4924,-7
4925,-4
4926,-2
4927,-1
4928,-1
4929,-2
4930,-4
4931,-6
4932,-7
4933,-8
4934,-7
4935,-6
4936,-3
4937,-1
4938,1
4939,3
4940,4
4941,5
4942,5
4943,4
4944,3
4945,2
4946,1
4947,1
4948,0
4949,0
4950,0
4951,1
4952,2
4953,3
4954,3
4955,4
4956,5
4957,6
4958,6
4959,6
4960,6
4961,5
4962,5
4963,5
4964,5
4965,5
4966,5
4967,5
4968,6
4969,6
4970,7
4971,7
4972,8
4973,8
4974,9
4975,10
4976,11
4977,11
4978,12
4979,13
4980,14
4981,14
4982,14
4983,14
4984,14
4985,14
4986,15
4987,16
4988,17
4989,18
4990,20
4991,21
4992,21
4993,22
4994,22
4995,21
4996,21
4997,21
4998,22
4999,24
5000,26
5001,29
5002,32
5003,34
5004,36
5005,37
5006,38
5007,37
5008,37
5009,37
5010,37
5011,39
5012,41
5013,43
5014,46
5015,48
5016,49
5017,49
5018,48
5019,46
5020,43
5021,41
5022,38
5023,37
5024,37
5025,37
5026,37
5027,37
5028,36
5029,34
5030,31
5031,27
5032,23
5033,18
5034,14
5035,12
5036,10
5037,9
5038,9
5039,10
5040,10
5041,10
5042,9
5043,7
5044,5
5045,3
5046,1
5047,-1
5048,-2
5049,-2
5050,-2
5051,-1
5052,-1
5053,-1
5054,-2
5055,-3
5056,-4
5057,-6
5058,-7
5059,-8
5060,-8
5061,-7
5062,-6
5063,-5
5064,-5
5065,-4
5066,-5
5067,-5
5068,-7
5069,-8
5070,-9
5071,-10
5072,-10
5073,-10
5074,-9
5075,-9
5076,-8
5077,-8
5078,-8
5079,-8
5080,-8
5081,-8
5082,-8
5083,-8
5084,-7
5085,-6
5086,-6
5087,-7
5088,-8
5089,-10
5090,-12
5091,-14
5092,-16
5093,-17
5094,-16
5095,-14
5096,-12
5097,-9
5098,-6
5099,-4
5100,-3
5101,-3
5102,-4
5103,-6
5104,-8
5105,-9
5106,-10
5107,-9
5108,-8
5109,-5
5110,-2
5111,1
5112,3
5113,5
5114,6
5115,6
5116,4
5117,2
5118,0
5119,-2
5120,-4
5121,-5
5122,-5
5123,-4
5124,-3
5125,-1
5126,0
5127,1
5128,0
5129,-1
5130,-3
5131,-6
5132,-9
5133,-12
5134,-13
5135,-14
5136,-13
5137,-12
5138,-10
5139,-8
5140,-6
5141,-6
5142,-6
5143,-7
5144,-8
5145,-8
5146,-8
5147,-7
5148,-6
5149,-3
5150,-1
5151,1
5152,3
5153,3
5154,2
5155,0
5156,-1
5157,-3
5158,-3
5159,-3
5160,-2
5161,-1
5162,1
5163,1
5164,0
5165,-2
5166,-5
5167,-9
5168,-13
5169,-17
5170,-18
5171,-18
5172,-17
5173,-15
5174,-12
5175,-10
5176,-8
5177,-7
5178,-7
5179,-8
5180,-9
5181,-11
5182,-11
5183,-11
5184,-11
5185,-10
5186,-9
5187,-8
5188,-7
5189,-7
5190,-7
5191,-7
5192,-8
5193,-8
5194,-8
5195,-9
5196,-9
5197,-8
5198,-8
5199,-8
5200,-8
5201,-8
5202,-9
5203,-9
5204,-9
5205,-10
5206,-10
5207,-10
5208,-11
5209,-11
5210,-11
5211,-10
5212,-10
5213,-9
5214,-8
5215,-7
5216,-7
5217,-6
5218,-6
5219,-7
5220,-7
5221,-8
5222,-9
5223,-10
5224,-10
5225,-10
5226,-10
5227,-10
5228,-10
5229,-9
5230,-8
5231,-7
5232,-7
5233,-6
5234,-5
5235,-5
5236,-5
5237,-5
5238,-5
5239,-5
5240,-5
5241,-5
5242,-4
5243,-4
5244,-3
5245,-2
5246,-1
5247,-1
5248,-1
5249,-1
5250,-1
5251,-2
5252,-2
5253,-2
5254,-2
5255,-2
5256,-2
5257,-2
5258,-2
5259,-2
5260,-2
5261,-3
5262,-3
5263,-3
5264,-3
5265,-3
5266,-3
5267,-4
5268,-4
5269,-5
5270,-6
5271,-7
5272,-8
5273,-9
5274,-9
5275,-9
5276,-9
5277,-8
5278,-8
5279,-7
5280,-7
5281,-8
5282,-9
5283,-10
5284,-12
5285,-13
5286,-13
5287,-13
5288,-13
5289,-11
5290,-9
5291,-8
5292,-7
5293,-6
5294,-7
5295,-9
5296,-11
5297,-13
5298,-14
5299,-15
5300,-16
5301,-15
5302,-15
5303,-14
5304,-14
5305,-14
5306,-14
5307,-14
5308,-12
5309,-7
5310,-1
5311,9
5312,21
5313,34
5314,47
5315,58
5316,66
5317,70
5318,68
5319,61
5320,50
5321,36
5322,20
5323,4
5324,-10
5325,-23
5326,-33
5327,-41
5328,-46
5329,-49
5330,-50
5331,-49
5332,-48
5333,-45
5334,-42
5335,-38
5336,-34
5337,-30
5338,-26
5339,-23
5340,-21
5341,-19
5342,-17
5343,-16
5344,-15
5345,-13
5346,-11
5347,-9
5348,-7
5349,-5
5350,-4
5351,-3
5352,-3
5353,-3
5354,-3
5355,-4
5356,-5
5357,-6
5358,-7
5359,-8
5360,-9
5361,-10
5362,-10
5363,-10
5364,-9
5365,-7
5366,-5
5367,-2
5368,0
5369,2
5370,2
5371,2
5372,2
5373,0
5374,-1
5375,-1
5376,-1
5377,-1
5378,0
5379,1
5380,3
5381,3
5382,3
5383,3
5384,2
5385,2
5386,2
5387,3
5388,4
5389,6
5390,8
5391,10
5392,12
5393,12
5394,12
5395,10
5396,8
5397,5
5398,3
5399,1
5400,0
5401,1
5402,2
5403,4
5404,7
5405,10
5406,13
5407,15
5408,17
5409,18
5410,19
5411,19
5412,19
5413,19
5414,20
5415,20
5416,21
5417,23
5418,24
5419,26
5420,28
5421,29
5422,31
5423,31
5424,32
5425,32
5426,32
5427,32
5428,33
5429,34
5430,36
5431,38
5432,40
5433,43
5434,45
5435,46
5436,46
5437,45
5438,44
5439,42
5440,40
5441,38
5442,37
5443,36
5444,36
5445,36
5446,36
5447,35
5448,34
5449,33
5450,30
5451,27
5452,24
5453,22
5454,20
5455,19
5456,18
5457,18
5458,18
5459,18
5460,16
5461,14
5462,12
5463,8
5464,5
5465,2
5466,-1
5467,-3
5468,-4
5469,-5
5470,-5
5471,-5
5472,-4
5473,-4
5474,-4
5475,-3
5476,-3
5477,-2
5478,-2
5479,-1
5480,-1
5481,-2
5482,-3
5483,-4
5484,-6
5485,-8
5486,-10
5487,-11
5488,-12
5489,-12
5490,-11
5491,-10
5492,-9
5493,-7
5494,-6
5495,-5
5496,-5
5497,-5
5498,-6
5499,-7
5500,-8
5501,-9
5502,-10
5503,-10
5504,-10
5505,-10
5506,-10
5507,-9
5508,-9
5509,-9
5510,-8
5511,-8
5512,-8
5513,-8
5514,-8
5515,-8
5516,-8
5517,-8
5518,-8
5519,-8
5520,-8
5521,-8
5522,-7
5523,-6
5524,-5
5525,-4
5526,-4
5527,-4
5528,-4
5529,-5
5530,-5
5531,-6
5532,-6
5533,-5
5534,-4
5535,-3
5536,-1
5537,0
5538,1
5539,1
5540,0
5541,-1
5542,-2
5543,-3
5544,-4
5545,-4
5546,-4
5547,-4
5548,-4
5549,-4
5550,-5
5551,-6
5552,-7
5553,-8
5554,-9
5555,-9
5556,-9
5557,-9
5558,-8
5559,-6
5560,-5
5561,-3
5562,-2
5563,-1
5564,0
5565,1
5566,2
5567,2
5568,2
5569,1
5570,0
5571,-1
5572,-2
5573,-2
5574,-2
5575,-2
5576,-1
5577,1
5578,2
5579,3
5580,3
5581,1
5582,-1
5583,-3
5584,-6
5585,-7
5586,-8
5587,-8
5588,-7
5589,-5
5590,-4
5591,-2
5592,-2
5593,-2
5594,-3
5595,-4
5596,-6
5597,-6
5598,-6
5599,-5
5600,-3
5601,-1
5602,0
5603,1
5604,1
5605,0
5606,-2
5607,-4
5608,-6
5609,-8
5610,-8
5611,-9
5612,-8
5613,-8
5614,-7
5615,-7
5616,-7
5617,-7
5618,-7
5619,-7
5620,-6
5621,-4
5622,-3
5623,-1
5624,0
5625,0
5626,-1
5627,-3
5628,-5
5629,-6
5630,-8
5631,-8
5632,-7
5633,-6
5634,-4
5635,-2
5636,-1
5637,0
5638,0
5639,-1
5640,-2
5641,-4
5642,-5
5643,-6
5644,-6
5645,-6
5646,-6
5647,-5
5648,-4
5649,-4
5650,-3
5651,-2
5652,-1
5653,0
5654,1
5655,2
5656,2
5657,2
5658,1
5659,0
5660,-2
5661,-3
5662,-4
5663,-4
5664,-3
5665,-2
5666,-1
5667,0
5668,1
5669,1
5670,1
5671,-1
5672,-3
5673,-5
5674,-8
5675,-10
5676,-11
5677,-11
5678,-11
5679,-11
5680,-10
5681,-9
5682,-8
5683,-8
5684,-8
5685,-9
5686,-10
5687,-11
5688,-12
5689,-13
5690,-12
5691,-11
5692,-10
5693,-9
5694,-7
5695,-7
5696,-7
5697,-9
5698,-11
5699,-14
5700,-16
5701,-16
5702,-14
5703,-9
5704,0
5705,11
5706,24
5707,38
5708,51
5709,62
5710,70
5711,73
5712,71
5713,64
5714,53
5715,39
5716,23
5717,6
5718,-10
5719,-25
5720,-37
5721,-46
5722,-52
5723,-55
5724,-55
5725,-53
5726,-50
5727,-45
5728,-40
5729,-36
5730,-31
5731,-27
5732,-24
5733,-21
5734,-19
5735,-17
5736,-15
5737,-13
5738,-12
5739,-10
5740,-9
5741,-7
5742,-6
5743,-6
5744,-5
5745,-5
5746,-6
5747,-6
5748,-8
5749,-9
5750,-9
5751,-10
5752,-9
5753,-9
5754,-7
5755,-6
5756,-5
5757,-4
5758,-4
5759,-4
5760,-4
5761,-5
5762,-5
5763,-5
5764,-5
5765,-4
5766,-3
5767,-2
5768,0
5769,1
5770,1
5771,1
5772,1
5773,1
5774,1
5775,0
5776,0
5777,0
5778,0
5779,0
5780,0
5781,1
5782,1
5783,1
5784,1
5785,1
5786,2
5787,2
5788,3
5789,3
5790,4
5791,5
5792,6
5793,7
5794,7
5795,8
5796,8
5797,9
5798,9
5799,9
5800,8
5801,8
5802,8
5803,8
5804,8
5805,9
5806,9
5807,10
5808,12
5809,13
5810,15
5811,17
5812,19
5813,22
5814,24
5815,26
5816,29
5817,30
5818,32
5819,33
5820,34
5821,35
5822,35
5823,35
5824,35
5825,36
5826,36
5827,36
5828,36
5829,37
5830,37
5831,38
5832,39
5833,40
5834,41
5835,41
5836,41
5837,41
5838,40
5839,39
5840,37
5841,35
5842,33
5843,31
5844,29
5845,28
5846,25
5847,23
5848,20
5849,17
5850,14
5851,11
5852,8
5853,6
5854,4
5855,3
5856,2
5857,1
5858,1
5859,1
5860,1
5861,0
5862,-1
5863,-2
5864,-4
5865,-5
5866,-6
5867,-7
5868,-7
5869,-7
5870,-7
5871,-6
5872,-6
5873,-6
5874,-6
5875,-6
5876,-7
5877,-8
5878,-9
5879,-10
5880,-11
5881,-12
5882,-12
5883,-11
5884,-10
5885,-9
5886,-8
5887,-7
5888,-7
5889,-7
5890,-8
5891,-9
5892,-10
5893,-11
5894,-12
5895,-11
5896,-11
5897,-10
5898,-9
5899,-8
5900,-7
5901,-7
5902,-7
5903,-8
5904,-8
5905,-9
5906,-10
5907,-10
5908,-10
5909,-9
5910,-9
5911,-8
5912,-8
5913,-8
5914,-7
5915,-7
5916,-7
5917,-7
5918,-7
5919,-6
5920,-6
5921,-6
5922,-6
5923,-7
5924,-6
5925,-6
5926,-6
5927,-5
5928,-4
5929,-3
5930,-2
5931,-1
5932,-1
5933,-1
5934,-1
5935,-2
5936,-3
5937,-4
5938,-5
5939,-5
5940,-6
5941,-6
5942,-5
5943,-5
5944,-5
5945,-5
5946,-5
5947,-5
5948,-6
5949,-6
5950,-6
5951,-7
5952,-7
5953,-7
5954,-6
5955,-6
5956,-6
5957,-5
5958,-5
5959,-4
5960,-4
5961,-4
5962,-4
5963,-4
5964,-5
5965,-6
5966,-6
5967,-7
5968,-8
5969,-9
5970,-9
5971,-9
5972,-8
5973,-8
5974,-7
5975,-6
5976,-5
5977,-4
5978,-3
5979,-3
5980,-3
5981,-3
5982,-3
5983,-3
5984,-3
5985,-4
5986,-4
5987,-5
5988,-5
5989,-5
5990,-5
5991,-5
5992,-5
5993,-4
5994,-4
5995,-4
5996,-4
5997,-4
5998,-4
5999,-4
6000,-4
6001,-3
6002,-3
6003,-4
6004,-4
6005,-5
6006,-6
6007,-8
6008,-9
6009,-10
6010,-10
6011,-10
6012,-8
6013,-6
6014,-4
6015,-2
6016,0
6017,1
6018,1
6019,0
6020,-2
6021,-5
6022,-7
6023,-10
6024,-12
6025,-13
6026,-13
6027,-12
6028,-10
6029,-9
6030,-7
6031,-5
6032,-4
6033,-4
6034,-4
6035,-4
6036,-5
6037,-6
6038,-6
6039,-6
6040,-6
6041,-6
6042,-5
6043,-5
6044,-5
6045,-5
6046,-5
6047,-5
6048,-6
6049,-7
6050,-7
6051,-8
6052,-8
6053,-7
6054,-7
6055,-6
6056,-5
6057,-4
6058,-3
6059,-2
6060,-2
6061,-2
6062,-2
6063,-2
6064,-3
6065,-3
6066,-3
6067,-2
6068,-2
6069,-1
6070,-1
6071,-1
6072,-1
6073,-1
6074,-1
6075,-2
6076,-2
6077,-1
6078,-1
6079,0
6080,1
6081,1
6082,2
6083,2
6084,1
6085,1
6086,0
6087,0
6088,0
6089,0
6090,0
6091,1
6092,1
6093,1
6094,2
6095,2
6096,2
6097,3
6098,3
6099,4
6100,6
6101,7
6102,7
6103,7
6104,6
6105,4
6106,1
6107,-2
6108,-5
6109,-7
6110,-9
6111,-9
6112,-9
6113,-8
6114,-6
6115,-4
6116,-3
6117,-2
6118,-1
6119,-2
6120,-2
6121,-3
6122,-4
6123,-5
6124,-6
6125,-7
6126,-7
6127,-8
6128,-8
6129,-8
6130,-8
6131,-8
6132,-8
6133,-9
6134,-10
6135,-12
6136,-14
6137,-15
6138,-15
6139,-12
6140,-6
6141,3
6142,14
6143,28
6144,43
6145,57
6146,69
6147,78
6148,81
6149,79
6150,71
6151,59
6152,44
6153,26
6154,8
6155,-9
6156,-24
6157,-36
6158,-44
6159,-49
6160,-50
6161,-49
6162,-46
6163,-41
6164,-36
6165,-31
6166,-27
6167,-23
6168,-20
6169,-18
6170,-16
6171,-15
6172,-13
6173,-12
6174,-10
6175,-9
6176,-7
6177,-6
6178,-5
6179,-4
6180,-4
6181,-4
6182,-4
6183,-4
6184,-4
6185,-4
6186,-4
6187,-3
6188,-3
6189,-3
6190,-3
6191,-3
6192,-4
6193,-5
6194,-5
6195,-6
6196,-6
6197,-6
6198,-6
6199,-5
6200,-4
6201,-3
6202,-2
6203,-1
6204,-1
6205,-1
6206,-2
6207,-3
6208,-3
6209,-3
6210,-3
6211,-2
6212,-2
6213,-1
6214,-1
6215,-1
6216,-1
6217,-1
6218,-1
6219,-1
6220,0
6221,1
6222,2
6223,3
6224,3
6225,4
6226,4
6227,4
6228,4
6229,4
6230,4
6231,4
6232,5
6233,6
6234,7
6235,7
6236,8
6237,9
6238,9
6239,9
6240,10
6241,11
6242,12
6243,14
6244,15
6245,17
6246,18
6247,18
6248,19
6249,19
6250,19
6251,19
6252,20
6253,22
6254,24
6255,26
6256,27
6257,29
6258,30
6259,31
6260,31
6261,31
6262,32
6263,33
6264,34
6265,36
6266,37
6267,38
6268,39
6269,39
6270,38
6271,36
6272,35
6273,33
6274,32
6275,31
6276,31
6277,31
6278,32
6279,32
6280,32
6281,30
6282,28
6283,25
6284,22
6285,19
6286,16
6287,14
6288,12
6289,12
6290,12
6291,12
6292,12
6293,12
6294,11
6295,10
6296,8
6297,6
6298,4
6299,2
6300,0
6301,-1
6302,-1
6303,-2
6304,-2
6305,-2
6306,-2
6307,-3
6308,-3
6309,-4
6310,-5
6311,-6
6312,-8
6313,-9
6314,-9
6315,-10
6316,-10
6317,-9
6318,-9
6319,-8
6320,-8
6321,-7
6322,-7
6323,-7
6324,-7
6325,-7
6326,-7
6327,-6
6328,-5
6329,-5
6330,-4
6331,-3
6332,-3
6333,-3
6334,-4
6335,-5
6336,-5
6337,-6
6338,-6
6339,-5
6340,-5
6341,-4
6342,-3
6343,-2
6344,-2
6345,-3
6346,-4
6347,-5
6348,-6
6349,-7
6350,-8
6351,-8
6352,-7
6353,-6
6354,-5
6355,-5
6356,-4
6357,-3
6358,-3
6359,-3
6360,-3
6361,-3
6362,-3
6363,-3
6364,-3
6365,-3
6366,-3
6367,-4
6368,-4
6369,-4
6370,-4
6371,-4
6372,-3
6373,-3
6374,-2
6375,-2
6376,-2
6377,-3
6378,-5
6379,-7
6380,-8
6381,-10
6382,-10
6383,-10
6384,-9
6385,-7
6386,-5
6387,-3
6388,-1
6389,-1
6390,-1
6391,-2
6392,-3
6393,-5
6394,-7
6395,-7
6396,-7
6397,-6
6398,-5
6399,-3
6400,-1
6401,0
6402,1
6403,0
6404,-1
6405,-2
6406,-4
6407,-6
6408,-7
6409,-7
6410,-7
6411,-6
6412,-5
6413,-4
6414,-3
6415,-3
6416,-4
6417,-5
6418,-7
6419,-9
6420,-10
6421,-10
6422,-10
6423,-10
6424,-9
6425,-8
6426,-7
6427,-7
6428,-6
6429,-6
6430,-7
6431,-7
6432,-7
6433,-6
6434,-5
6435,-5
6436,-4
6437,-4
6438,-4
6439,-5
6440,-6
6441,-7
6442,-8
6443,-9
6444,-8
6445,-7
6446,-6
6447,-4
6448,-2
6449,-1
6450,-1
6451,-2
6452,-3
6453,-5
6454,-8
6455,-10
6456,-11
6457,-12
6458,-12
6459,-11
6460,-9
6461,-8
6462,-7
6463,-6
6464,-5
6465,-6
6466,-6
6467,-7
6468,-8
6469,-8
6470,-8
6471,-8
6472,-8
6473,-7
6474,-7
6475,-6
6476,-6
6477,-5
6478,-6
6479,-6
6480,-6
6481,-7
6482,-7
6483,-7
6484,-7
6485,-6
6486,-5
6487,-4
6488,-3
6489,-2
6490,-2
6491,-1
6492,-2
6493,-3
6494,-4
6495,-6
6496,-8
6497,-9
6498,-10
6499,-11
6500,-11
6501,-10
6502,-9
6503,-8
6504,-6
6505,-5
6506,-5
6507,-4
6508,-5
6509,-6
6510,-7
6511,-8
6512,-9
6513,-10
6514,-10
6515,-9
6516,-9
6517,-7
6518,-6
6519,-5
6520,-3
6521,-2
6522,-2
6523,-1
6524,-1
6525,-2
6526,-2
6527,-3
6528,-4
6529,-4
6530,-5
6531,-4
6532,-4
6533,-3
6534,-3
6535,-2
6536,-2
6537,-1
6538,-1
6539,-2
6540,-2
6541,-2
6542,-2
6543,-2
6544,-2
6545,-2
6546,-2
6547,-2
6548,-1
6549,-1
6550,0
6551,1
6552,2
6553,3
6554,4
6555,5
6556,5
6557,4
6558,2
6559,0
6560,-1
6561,-3
6562,-4
6563,-4
6564,-4
6565,-3
6566,-1
6567,1
6568,2
6569,2
6570,2
6571,1
6572,0
6573,-2
6574,-4
6575,-5
6576,-6
6577,-7
6578,-7
6579,-7
6580,-7
6581,-7
6582,-7
6583,-7
6584,-7
6585,-7
6586,-8
6587,-8
6588,-7
6589,-7
6590,-6
6591,-6
6592,-6
6593,-7
6594,-8
6595,-10
6596,-12
6597,-14
6598,-15
6599,-16
6600,-15
6601,-12
6602,-6
6603,3
6604,14
6605,27
6606,41
6607,55
6608,68
6609,78
6610,83
6611,83
6612,78
6613,66
6614,51
6615,32
6616,11
6617,-9
6618,-27
6619,-41
6620,-51
6621,-57
6622,-58
6623,-56
6624,-51
6625,-45
6626,-39
6627,-32
6628,-26
6629,-21
6630,-17
6631,-14
6632,-12
6633,-10
6634,-9
6635,-8
6636,-7
6637,-7
6638,-6
6639,-6
6640,-5
6641,-5
6642,-5
6643,-4
6644,-4
6645,-4
6646,-3
6647,-3
6648,-2
6649,-2
6650,-1
6651,-1
6652,-1
6653,-2
6654,-2
6655,-3
6656,-4
6657,-4
6658,-3
6659,-3
6660,-1
6661,0
6662,1
6663,2
6664,2
6665,2
6666,1
6667,1
6668,0
6669,-1
6670,-1
6671,-1
6672,0
6673,0
6674,0
6675,1
6676,1
6677,1
6678,1
6679,1
6680,1
6681,2
6682,3
6683,4
6684,5
6685,5
6686,5
6687,5
6688,4
6689,3
6690,3
6691,3
6692,4
6693,5
6694,8
6695,10
6696,12
6697,14
6698,15
6699,15
6700,15
6701,15
6702,15
6703,14
6704,14
6705,14
6706,15
6707,16
6708,18
6709,19
6710,21
6711,22
6712,23
6713,25
6714,26
6715,26
6716,27
6717,29
6718,30
6719,31
6720,32
6721,34
6722,35
6723,36
6724,37
6725,38
6726,38
6727,39
6728,39
6729,40
6730,40
6731,40
6732,41
6733,41
6734,41
6735,40
6736,40
6737,39
6738,38
6739,37
6740,36
6741,34
6742,33
6743,31
6744,30
6745,28
6746,27
6747,25
6748,22
6749,20
6750,17
6751,14
6752,11
6753,8
6754,6
6755,4
6756,3
6757,3
6758,3
6759,3
6760,3
6761,3
6762,3
6763,2
6764,1
6765,0
6766,-2
6767,-3
6768,-4
6769,-5
6770,-6
6771,-6
6772,-7
6773,-7
6774,-7
6775,-8
6776,-8
6777,-8
6778,-8
6779,-9
6780,-8
6781,-8
6782,-8
6783,-7
6784,-6
6785,-5
6786,-5
6787,-4
6788,-4
6789,-4
6790,-4
6791,-5
6792,-6
6793,-8
6794,-9
6795,-9
6796,-10
6797,-9
6798,-8
6799,-7
6800,-5
6801,-3
6802,-2
6803,-2
6804,-2
6805,-3
6806,-5
6807,-7
6808,-8
6809,-9
6810,-9
6811,-8
6812,-7
6813,-6
6814,-5
6815,-5
6816,-5
6817,-5
6818,-6
6819,-6
6820,-7
6821,-6
6822,-6
6823,-5
6824,-3
6825,-2
6826,-2
6827,-2
6828,-3
6829,-4
6830,-5
6831,-6
6832,-6
6833,-6
6834,-6
6835,-5
6836,-5
6837,-4
6838,-4
6839,-5
6840,-6
6841,-6
6842,-6
6843,-6
6844,-6
6845,-5
6846,-5
6847,-4
6848,-5
6849,-5
6850,-6
6851,-7
6852,-8
6853,-8
6854,-7
6855,-6
6856,-4
6857,-2
6858,0
6859,1
6860,1
6861,0
6862,-2
6863,-3
6864,-5
6865,-6
6866,-6
6867,-6
6868,-5
6869,-4
6870,-3
6871,-2
6872,-2
6873,-3
6874,-5
6875,-6
6876,-7
6877,-7
6878,-7
6879,-6
6880,-5
6881,-4
6882,-3
6883,-2
6884,-2
6885,-2
6886,-3
6887,-3
6888,-4
6889,-5
6890,-5
6891,-5
6892,-6
6893,-6
6894,-7
6895,-7
6896,-8
6897,-8
6898,-7
6899,-7
6900,-6
6901,-6
6902,-6
6903,-6
6904,-6
6905,-7
6906,-7
6907,-7
6908,-7
6909,-7
6910,-7
6911,-7
6912,-7
6913,-7
6914,-8
6915,-8
6916,-9
6917,-9
6918,-8
6919,-7
6920,-6
6921,-4
6922,-2
6923,-1
6924,0
6925,-1
6926,-2
6927,-4
6928,-6
6929,-8
6930,-10
6931,-11
6932,-11
6933,-11
6934,-11
6935,-10
6936,-10
6937,-9
6938,-9
6939,-9
6940,-8
6941,-8
6942,-7
6943,-6
6944,-6
6945,-6
6946,-6
6947,-7
6948,-9
6949,-10
6950,-12
6951,-13
6952,-14
6953,-14
6954,-12
6955,-10
6956,-8
6957,-5
6958,-3
6959,-2
6960,-1
6961,-2
6962,-3
6963,-4
6964,-6
6965,-7
6966,-8
6967,-8
6968,-8
6969,-8
6970,-7
6971,-6
6972,-5
6973,-4
6974,-4
6975,-3
6976,-3
6977,-3
6978,-3
6979,-3
6980,-2
6981,-1
6982,0
6983,1
6984,1
6985,2
6986,3
6987,3
6988,3
6989,3
6990,3
6991,2
6992,2
6993,1
6994,0
6995,-2
6996,-3
6997,-5
6998,-6
6999,-7
7000,-8
7001,-8
7002,-8
7003,-7
7004,-7
7005,-6
7006,-6
7007,-6
7008,-7
7009,-7
7010,-8
7011,-8
7012,-9
7013,-9
7014,-8
7015,-8
7016,-8
7017,-9
7018,-9
7019,-10
7020,-11
7021,-12
7022,-13
7023,-14
7024,-15
7025,-16
7026,-18
7027,-19
7028,-18
7029,-17
7030,-13
7031,-5
7032,5
7033,17
7034,31
7035,46
7036,59
7037,68
7038,72
7039,71
7040,64
7041,52
7042,37
7043,20
7044,3
7045,-13
7046,-25
7047,-35
7048,-42
7049,-46
7050,-48
7051,-48
7052,-48
7053,-48
7054,-47
7055,-45
7056,-43
7057,-40
7058,-36
7059,-32
7060,-28
7061,-24
7062,-21
7063,-17
7064,-14
7065,-12
7066,-10
7067,-8
7068,-7
7069,-7
7070,-7
7071,-8
7072,-8
7073,-9
7074,-9
7075,-8
7076,-6
7077,-4
7078,-2
7079,0
7080,1
7081,2
7082,1
7083,-1
7084,-4
7085,-6
7086,-8
7087,-10
7088,-9
7089,-8
7090,-6
7091,-4
7092,-2
7093,-1
7094,0
7095,-1
7096,-1
7097,-1
7098,-2
7099,-1
7100,0
7101,1
7102,2
7103,3
7104,3
7105,3
7106,2
7107,1
7108,0
7109,-1
7110,0
7111,1
7112,2
7113,4
7114,5
7115,6
7116,6
7117,5
7118,4
7119,3
7120,3
7121,3
7122,3
7123,5
7124,7
7125,9
7126,11
7127,13
7128,14
7129,15
7130,15
7131,15
7132,15
7133,15
7134,16
7135,17
7136,19
7137,20
7138,22
7139,23
7140,24
7141,24
7142,25
7143,25
7144,26
7145,27
7146,29
7147,30
7148,32
7149,33
7150,34
7151,35
7152,35
7153,35
7154,35
7155,34
7156,34
7157,33
7158,32
7159,32
7160,33
7161,34
7162,36
7163,38
7164,40
7165,41
7166,41
7167,41
7168,40
7169,38
7170,35
7171,32
7172,29
7173,27
7174,25
7175,23
7176,22
7177,20
7178,18
7179,15
7180,13
7181,10
7182,8
7183,5
7184,4
7185,3
7186,2
7187,2
7188,2
7189,1
7190,0
7191,-2
7192,-3
7193,-5
7194,-7
7195,-8
7196,-9
7197,-9
7198,-9
7199,-8
7200,-7
7201,-7
7202,-6
7203,-5
7204,-5
7205,-5
7206,-6
7207,-6
7208,-7
7209,-7
7210,-8
7211,-8
7212,-8
7213,-8
7214,-7
7215,-7
7216,-7
7217,-7
7218,-7
7219,-8
7220,-8
7221,-8
7222,-8
7223,-7
7224,-7
7225,-6
7226,-6
7227,-6
7228,-6
7229,-7
7230,-7
7231,-8
7232,-9
7233,-10
7234,-10
7235,-10
7236,-9
7237,-9
7238,-8
7239,-6
7240,-5
7241,-4
7242,-3
7243,-3
7244,-3
7245,-4
7246,-4
7247,-5
7248,-6
7249,-7
7250,-7
7251,-7
7252,-7
7253,-6
7254,-5
7255,-5
7256,-4
7257,-4
7258,-3
7259,-3
7260,-3
7261,-2
7262,-2
7263,-1
7264,0
7265,1
7266,2
7267,2
7268,2
7269,1
7270,0
7271,-2
7272,-3
7273,-4
7274,-5
7275,-6
7276,-6
7277,-5
7278,-4
7279,-3
7280,-2
7281,-1
7282,-1
7283,0
7284,0
7285,0
7286,-1
7287,-2
7288,-3
7289,-5
7290,-6
7291,-7
7292,-7
7293,-7
7294,-7
7295,-6
7296,-6
7297,-5
7298,-5
7299,-4
7300,-4
7301,-5
7302,-5
7303,-5
7304,-5
7305,-5
7306,-5
7307,-6
7308,-6
7309,-6
7310,-6
7311,-6
7312,-6
7313,-6
7314,-5
7315,-5
7316,-5
7317,-4
7318,-4
7319,-5
7320,-6
7321,-7
7322,-8
7323,-9
7324,-9
7325,-9
7326,-9
7327,-8
7328,-7
7329,-6
7330,-5
7331,-4
7332,-4
7333,-4
7334,-4
7335,-4
7336,-4
7337,-5
7338,-5
7339,-4
7340,-4
7341,-4
7342,-4
7343,-4
7344,-3
7345,-3
7346,-2
7347,-1
7348,0
7349,2
7350,3
7351,4
7352,5
7353,5
7354,5
7355,3
7356,1
7357,-1
7358,-3
7359,-4
7360,-4
7361,-4
7362,-4
7363,-3
7364,-3
7365,-3
7366,-3
7367,-4
7368,-5
7369,-7
7370,-8
7371,-8
7372,-8
7373,-8
7374,-7
7375,-7
7376,-7
7377,-7
7378,-8
7379,-9
7380,-10
7381,-11
7382,-11
7383,-11
7384,-10
7385,-10
7386,-9
7387,-9
7388,-9
7389,-10
7390,-11
7391,-12
7392,-14
7393,-16
7394,-17
7395,-19
7396,-20
7397,-21
7398,-20
7399,-18
7400,-13
7401,-5
7402,6
7403,20
7404,35
7405,50
7406,63
7407,73
7408,78
7409,76
7410,69
7411,57
7412,41
7413,23
7414,5
7415,-12
7416,-26
7417,-37
7418,-44
7419,-49
7420,-51
7421,-52
7422,-51
7423,-49
7424,-46
7425,-43
7426,-40
7427,-36
7428,-32
7429,-28
7430,-25
7431,-22
7432,-19
7433,-17
7434,-16
7435,-14
7436,-14
7437,-13
7438,-12
7439,-11
7440,-10
7441,-9
7442,-8
7443,-6
7444,-5
7445,-3
7446,-2
7447,-1
7448,-1
7449,-1
7450,-1
7451,-2
7452,-2
7453,-3
7454,-3
7455,-3
7456,-3
7457,-2
7458,-1
7459,-1
7460,0
7461,0
7462,0
7463,-1
7464,-2
7465,-3
7466,-4
7467,-4
7468,-5
7469,-5
7470,-4
7471,-4
7472,-3
7473,-3
7474,-2
7475,-2
7476,-2
7477,-2
7478,-2
7479,-2
7480,-2
7481,-1
7482,0
7483,1
7484,3
7485,4
7486,4
7487,5
7488,4
7489,4
7490,4
7491,3
7492,4
7493,5
7494,7
7495,9
7496,12
7497,14
7498,16
7499,17
7500,17
7501,16
7502,15
7503,14
7504,13
7505,13
7506,13
7507,15
7508,17
7509,19
7510,21
7511,23
7512,25
7513,26
7514,27
7515,28
7516,29
7517,30
7518,31
7519,33
7520,34
7521,36
7522,38
7523,39
7524,41
7525,41
7526,42
7527,42
7528,42
7529,42
7530,42
7531,42
7532,42
7533,42
7534,41
7535,40
7536,39
7537,37
7538,35
7539,32
7540,29
7541,26
7542,23
7543,21
7544,18
7545,16
7546,13
7547,11
7548,9
7549,6
7550,4
7551,2
7552,0
7553,-1
7554,-2
7555,-2
7556,-2
7557,-1
7558,-1
7559,0
7560,0
7561,-1
7562,-2
7563,-3
7564,-5
7565,-7
7566,-8
7567,-9
7568,-10
7569,-10
7570,-10
7571,-9
7572,-9
7573,-8
7574,-7
7575,-7
7576,-6
7577,-6
7578,-6
7579,-6
7580,-7
7581,-7
7582,-8
7583,-10
7584,-11
7585,-12
7586,-13
7587,-14
7588,-13
7589,-13
7590,-12
7591,-10
7592,-9
7593,-8
7594,-8
7595,-8
7596,-8
7597,-9
7598,-9
7599,-9
7600,-8
7601,-7
7602,-5
7603,-4
7604,-4
7605,-4
7606,-5
7607,-7
7608,-8
7609,-10
7610,-10
7611,-10
7612,-9
7613,-7
7614,-5
7615,-3
7616,-2
7617,-1
7618,-2
7619,-3
7620,-4
7621,-5
7622,-6
7623,-7
7624,-7
7625,-6
7626,-6
7627,-5
7628,-4
7629,-3
7630,-3
7631,-2
7632,-1
7633,0
7634,0
7635,1
7636,1
7637,1
7638,0
7639,-1
7640,-2
7641,-4
7642,-5
7643,-6
7644,-6
7645,-5
7646,-4
7647,-3
7648,-2
7649,-1
7650,0
7651,0
7652,0
7653,-1
7654,-1
7655,-2
7656,-2
7657,-3
7658,-3
7659,-4
7660,-4
7661,-4
7662,-5
7663,-5
7664,-6
7665,-6
7666,-7
7667,-7
7668,-8
7669,-8
7670,-8
7671,-8
7672,-8
7673,-8
7674,-8
7675,-7
7676,-7
7677,-6
7678,-5
7679,-5
7680,-4
7681,-4
7682,-4
7683,-4
7684,-4
7685,-4
7686,-4
7687,-4
7688,-3
7689,-3
7690,-3
7691,-4
7692,-5
7693,-6
7694,-7
7695,-8
7696,-9
7697,-9
7698,-10
7699,-9
7700,-9
7701,-9
7702,-8
7703,-8
7704,-9
7705,-9
7706,-9
7707,-10
7708,-10
7709,-10
7710,-10
7711,-10
7712,-9
7713,-9
7714,-10
7715,-10
7716,-10
7717,-11
7718,-11
7719,-10
7720,-9
7721,-7
7722,-5
7723,-3
7724,-1
7725,-1
7726,-1
7727,-3
7728,-5
7729,-7
7730,-9
7731,-11
7732,-11
7733,-11
7734,-9
7735,-7
7736,-5
7737,-3
7738,0
7739,2
7740,3
7741,4
7742,4
7743,3
7744,2
7745,1
7746,0
7747,-1
7748,-2
7749,-2
7750,-2
7751,-1
7752,1
7753,2
7754,3
7755,3
7756,2
7757,1
7758,-1
7759,-3
7760,-5
7761,-7
7762,-9
7763,-10
7764,-10
7765,-10
7766,-10
7767,-10
7768,-10
7769,-10
7770,-10
7771,-11
7772,-12
7773,-12
7774,-12
7775,-11
7776,-10
7777,-9
7778,-8
7779,-6
7780,-5
7781,-5
7782,-6
7783,-8
7784,-10
7785,-12
7786,-15
7787,-17
7788,-17
7789,-16
7790,-12
7791,-6
7792,2
7793,13
7794,25
7795,37
7796,49
7797,60
7798,68
7799,72
7800,72
7801,67
7802,58
7803,46
7804,30
7805,13
7806,-4
7807,-20
7808,-34
7809,-44
7810,-51
7811,-54
7812,-54
7813,-52
7814,-47
7815,-42
7816,-37
7817,-32
7818,-29
7819,-26
7820,-24
7821,-22
7822,-20
7823,-18
7824,-16
7825,-13
7826,-10
7827,-8
7828,-6
7829,-5
7830,-6
7831,-6
7832,-8
7833,-9
7834,-9
7835,-9
7836,-8
7837,-7
7838,-6
7839,-5
7840,-4
7841,-3
7842,-4
7843,-4
7844,-5
7845,-6
7846,-6
7847,-5
7848,-4
7849,-3
7850,-2
7851,-1
7852,-1
7853,-1
7854,-2
7855,-2
7856,-3
7857,-3
7858,-3
7859,-2
7860,-1
7861,0
7862,1
7863,2
7864,2
7865,1
7866,1
7867,0
7868,-1
7869,-1
7870,-2
7871,-1
7872,0
7873,1
7874,2
7875,3
7876,4
7877,5
7878,5
7879,5
7880,6
7881,6
7882,6
7883,6
7884,6
7885,7
7886,7
7887,8
7888,9
7889,11
7890,12
7891,14
7892,16
7893,17
7894,19
7895,20
7896,22
7897,23
7898,24
7899,25
7900,25
7901,25
7902,24
7903,24
7904,24
7905,24
7906,25
7907,26
7908,28
7909,30
7910,33
7911,35
7912,36
7913,37
7914,36
7915,36
7916,34
7917,33
7918,32
7919,32
7920,32
7921,33
7922,35
7923,36
7924,38
7925,38
7926,38
7927,37
7928,35
7929,33
7930,30
7931,27
7932,25
7933,23
7934,22
7935,22
7936,22
7937,22
7938,22
7939,21
7940,19
7941,17
7942,14
7943,10
7944,7
7945,3
7946,0
7947,-3
7948,-5
7949,-6
7950,-6
7951,-5
7952,-4
7953,-3
7954,-2
7955,-2
7956,-3
7957,-4
7958,-5
7959,-7
7960,-8
7961,-9
7962,-9
7963,-8
7964,-7
7965,-6
7966,-5
7967,-5
7968,-5
7969,-5
7970,-6
7971,-7
7972,-8
7973,-9
7974,-10
7975,-10
7976,-10
7977,-9
7978,-9
7979,-8
7980,-7
7981,-7
7982,-7
7983,-7
7984,-8
7985,-8
7986,-8
7987,-7
7988,-6
7989,-5
7990,-4
7991,-4
7992,-4
7993,-4
7994,-5
7995,-6
7996,-7
7997,-9
7998,-9
7999,-10
8000,-9
8001,-9
8002,-8
8003,-8
8004,-7
8005,-7
8006,-7
8007,-8
8008,-8
8009,-8
8010,-7
8011,-6
8012,-5
8013,-4
8014,-2
8015,-2
8016,-2
8017,-3
8018,-4
8019,-5
8020,-7
8021,-8
8022,-9
8023,-9
8024,-9
8025,-8
8026,-6
8027,-5
8028,-4
8029,-3
8030,-2
8031,-2
8032,-2
8033,-2
8034,-1
8035,-1
8036,0
8037,0
8038,0
8039,0
8040,-1
8041,-2
8042,-3
8043,-4
8044,-4
8045,-4
8046,-4
8047,-3
8048,-2
8049,-1
8050,-1
8051,-1
8052,-2
8053,-3
8054,-4
8055,-5
8056,-6
8057,-7
8058,-7
8059,-6
8060,-6
8061,-6
8062,-6
8063,-6
8064,-7
8065,-8
8066,-9
8067,-10
8068,-10
8069,-9
8070,-8
8071,-7
8072,-6
8073,-5
8074,-4
8075,-4
8076,-5
8077,-5
8078,-6
8079,-6
8080,-6
8081,-5
8082,-4
8083,-3
8084,-3
8085,-3
8086,-4
8087,-5
8088,-7
8089,-9
8090,-10
8091,-10
8092,-10
8093,-8
8094,-6
8095,-3
8096,-1
8097,1
8098,2
8099,3
8100,2
8101,1
8102,-1
8103,-3
8104,-5
8105,-6
8106,-7
8107,-7
8108,-7
8109,-7
8110,-7
8111,-7
8112,-6
8113,-6
8114,-6
8115,-5
8116,-5
8117,-4
8118,-4
8119,-3
8120,-2
8121,-1
8122,-1
8123,0
8124,0
8125,0
8126,0
8127,-1
8128,-2
8129,-2
8130,-3
8131,-4
8132,-5
8133,-5
8134,-6
8135,-6
8136,-6
8137,-5
8138,-4
8139,-3
8140,-2
8141,0
8142,2
8143,3
8144,5
8145,5
8146,6
8147,5
8148,5
8149,4
8150,3
8151,2
8152,1
8153,1
8154,0
8155,0
8156,0
8157,0
8158,0
8159,-1
8160,-3
8161,-4
8162,-6
8163,-8
8164,-9
8165,-10
8166,-11
8167,-10
8168,-9
8169,-7
8170,-6
8171,-4
8172,-4
8173,-4
8174,-4
8175,-6
8176,-7
8177,-9
8178,-10
8179,-11
8180,-10
8181,-10
8182,-10
8183,-9
8184,-10
8185,-10
8186,-11
8187,-12
8188,-11
8189,-8
8190,-2
8191,7
8192,19
8193,33
8194,47
8195,61
8196,72
8197,79
8198,80
8199,76
8200,66
8201,52
8202,35
8203,16
8204,-3
8205,-20
8206,-35
8207,-46
8208,-53
8209,-57
8210,-58
8211,-57
8212,-53
8213,-49
8214,-44
8215,-38
8216,-32
8217,-27
8218,-22
8219,-17
8220,-13
8221,-11
8222,-9
8223,-9
8224,-9
8225,-9
8226,-10
8227,-11
8228,-11
8229,-10
8230,-9
8231,-8
8232,-7
8233,-6
8234,-6
8235,-5
8236,-5
8237,-5
8238,-6
8239,-6
8240,-5
8241,-5
8242,-5
8243,-5
8244,-4
8245,-4
8246,-5
8247,-5
8248,-5
8249,-5
8250,-5
8251,-5
8252,-4
8253,-3
8254,-2
8255,-1
8256,0
8257,0
8258,-1
8259,-1
8260,-2
8261,-3
8262,-3
8263,-3
8264,-3
8265,-2
8266,-1
8267,0
8268,1
8269,2
8270,2
8271,3
8272,3
8273,3
8274,4
8275,4
8276,5
8277,6
8278,6
8279,7
8280,7
8281,8
8282,8
8283,7
8284,7
8285,7
8286,8
8287,8
8288,10
8289,11
8290,13
8291,14
8292,16
8293,17
8294,19
8295,19
8296,20
8297,21
8298,21
8299,22
8300,22
8301,23
8302,25
8303,27
8304,29
8305,30
8306,32
8307,33
8308,34
8309,35
8310,34
8311,34
8312,34
8313,33
8314,33
8315,34
8316,35
8317,36
8318,38
8319,39
8320,39
8321,39
8322,39
8323,38
8324,36
8325,35
8326,33
8327,32
8328,32
8329,31
8330,31
8331,30
8332,29
8333,28
8334,26
8335,24
8336,22
8337,20
8338,18
8339,16
8340,14
8341,12
8342,10
8343,8
8344,6
8345,5
8346,5
8347,4
8348,3
8349,3
8350,2
8351,0
8352,-1
8353,-3
8354,-6
8355,-7
8356,-9
8357,-9
8358,-9
8359,-9
8360,-7
8361,-6
8362,-4
8363,-3
8364,-3
8365,-3
8366,-3
8367,-4
8368,-5
8369,-6
8370,-6
8371,-7
8372,-7
8373,-6
8374,-6
8375,-5
8376,-5
8377,-4
8378,-4
8379,-4
8380,-5
8381,-5
8382,-6
8383,-6
8384,-7
8385,-7
8386,-6
8387,-6
8388,-5
8389,-5
8390,-5
8391,-5
8392,-6
8393,-7
8394,-9
8395,-10
8396,-10
8397,-10
8398,-9
8399,-8
8400,-7
8401,-5
8402,-5
8403,-5
8404,-6
8405,-6
8406,-7
8407,-8
8408,-8
8409,-7
8410,-5
8411,-4
8412,-2
8413,-1
8414,-1
8415,-2
8416,-3
8417,-5
8418,-7
8419,-9
8420,-9
8421,-9
8422,-8
8423,-6
8424,-4
8425,-3
8426,-1
8427,-1
8428,-2
8429,-3
8430,-4
8431,-5
8432,-7
8433,-7
8434,-8
8435,-8
8436,-7
8437,-7
8438,-7
8439,-6
8440,-6
8441,-6
8442,-5
8443,-5
8444,-4
8445,-3
8446,-3
8447,-2
8448,-2
8449,-2
8450,-2
8451,-3
8452,-3
8453,-4
8454,-4
8455,-4
8456,-4
8457,-4
8458,-5
8459,-6
8460,-7
8461,-8
8462,-10
8463,-12
8464,-12
8465,-12
8466,-11
8467,-9
8468,-7
8469,-4
8470,-1
8471,1
8472,2
8473,2
8474,1
8475,-1
8476,-3
8477,-5
8478,-6
8479,-8
8480,-9
8481,-9
8482,-10
8483,-11
8484,-12
8485,-13
8486,-13
8487,-13
8488,-12
8489,-11
8490,-8
8491,-6
8492,-3
8493,-1
8494,0
8495,-1
8496,-2
8497,-5
8498,-8
8499,-10
8500,-12
8501,-13
8502,-13
8503,-12
8504,-11
8505,-9
8506,-7
8507,-6
8508,-5
8509,-5
8510,-6
8511,-7
8512,-8
8513,-9
8514,-9
8515,-9
8516,-9
8517,-8
8518,-7
8519,-6
8520,-5
8521,-5
8522,-4
8523,-4
8524,-4
8525,-5
8526,-5
8527,-6
8528,-7
8529,-7
8530,-7
8531,-7
8532,-7
8533,-7
8534,-7
8535,-8
8536,-8
8537,-9
8538,-9
8539,-9
8540,-9
8541,-8
8542,-7
8543,-6
8544,-5
8545,-5
8546,-5
8547,-5
8548,-6
8549,-6
8550,-7
8551,-7
8552,-7
8553,-7
8554,-6
8555,-5
8556,-5
8557,-4
8558,-4
8559,-3
8560,-2
8561,-2
8562,0
8563,1
8564,3
8565,5
8566,6
8567,6
8568,6
8569,6
8570,4
8571,3
8572,2
8573,1
8574,0
8575,-1
8576,-1
8577,-2
8578,-3
8579,-5
8580,-7
8581,-9
8582,-11
8583,-13
8584,-13
8585,-13
8586,-12
8587,-10
8588,-8
8589,-6
8590,-5
8591,-4
8592,-5
8593,-7
8594,-9
8595,-12
8596,-13
8597,-14
8598,-14
8599,-13
8600,-11
8601,-9
8602,-8
8603,-7
8604,-7
8605,-9
8606,-11
8607,-13
8608,-16
8609,-17
8610,-17
8611,-15
8612,-11
8613,-4
8614,5
8615,16
8616,28
8617,41
8618,52
8619,62
8620,68
8621,71
8622,68
8623,61
8624,49
8625,33
8626,15
8627,-4
8628,-22
8629,-38
8630,-50
8631,-57
8632,-61
8633,-60
8634,-56
8635,-51
8636,-45
8637,-40
8638,-35
8639,-32
8640,-29
8641,-27
8642,-25
8643,-23
8644,-20
8645,-18
8646,-15
8647,-13
8648,-11
8649,-11
8650,-11
8651,-11
8652,-11
8653,-12
8654,-11
8655,-11
8656,-10
8657,-8
8658,-7
8659,-6
8660,-5
8661,-5
8662,-5
8663,-6
8664,-6
8665,-6
8666,-5
8667,-4
8668,-4
8669,-3
8670,-2
8671,-2
8672,-1
8673,-1
8674,-1
8675,-1
8676,-1
8677,-1
8678,-1
8679,-1
8680,-1
8681,-1
8682,-1
8683,-1
8684,-1
8685,0
8686,0
8687,1
8688,2
8689,2
8690,2
8691,2
8692,1
8693,0
8694,-1
8695,-1
8696,-1
8697,-1
8698,0
8699,1
8700,3
8701,4
8702,5
8703,5
8704,5
8705,5
8706,5
8707,5
8708,6
8709,7
8710,9
8711,11
8712,13
8713,14
8714,15
8715,16
8716,17
8717,17
8718,18
8719,19
8720,20
8721,22
8722,23
8723,25
8724,26
8725,27
8726,28
8727,29
8728,29
8729,30
8730,31
8731,32
8732,34
8733,35
8734,36
8735,36
8736,37
8737,36
8738,36
8739,36
8740,36
8741,36
8742,37
8743,38
8744,40
8745,41
8746,41
8747,40
8748,39
8749,37
8750,35
8751,32
8752,29
8753,27
8754,25
8755,23
8756,22
8757,21
8758,19
8759,18
8760,16
8761,14
8762,12
8763,9
8764,7
8765,4
8766,2
8767,0
8768,-2
8769,-3
8770,-3
8771,-2
8772,-1
8773,0
8774,1
8775,2
8776,2
8777,2
8778,1
8779,-2
8780,-4
8781,-7
8782,-10
8783,-12
8784,-13
8785,-13
8786,-12
8787,-11
8788,-9
8789,-7
8790,-6
8791,-6
8792,-6
8793,-6
8794,-6
8795,-6
8796,-6
8797,-5
8798,-4
8799,-3
8800,-3
8801,-3
8802,-5
8803,-7
8804,-9
8805,-12
8806,-14
8807,-16
8808,-16
8809,-15
8810,-14
8811,-12
8812,-10
8813,-8
8814,-7
8815,-7
8816,-8
8817,-9
8818,-10
8819,-10
8820,-10
8821,-10
8822,-9
8823,-8
8824,-8
8825,-7
8826,-7
8827,-7
8828,-7
8829,-7
8830,-7
8831,-6
8832,-6
8833,-5
8834,-4
8835,-3
8836,-2
8837,-2
8838,-2
8839,-3
8840,-4
8841,-5
8842,-6
8843,-7
8844,-8
8845,-8
8846,-9
8847,-9
8848,-8
8849,-7
8850,-7
8851,-6
8852,-4
8853,-3
8854,-3
8855,-2
8856,-2
8857,-2
8858,-3
8859,-3
8860,-4
8861,-5
8862,-5
8863,-5
8864,-5
8865,-4
8866,-4
8867,-4
8868,-4
8869,-5
8870,-6
8871,-6
8872,-7
8873,-8
8874,-8
8875,-8
8876,-8
8877,-7
8878,-7
8879,-7
8880,-8
8881,-9
8882,-10
8883,-11
8884,-11
8885,-12
8886,-11
8887,-11
8888,-10
8889,-9
8890,-9
8891,-8
8892,-8
8893,-8
8894,-8
8895,-8
8896,-8
8897,-9
8898,-9
8899,-9
8900,-10
8901,-10
8902,-10
8903,-10
8904,-9
8905,-9
8906,-7
8907,-6
8908,-4
8909,-3
8910,-1
8911,-1
8912,0
8913,-1
8914,-1
8915,-2
8916,-3
8917,-4
8918,-4
8919,-5
8920,-6
8921,-6
8922,-7
8923,-7
8924,-8
8925,-8
8926,-7
8927,-6
8928,-5
8929,-4
8930,-3
8931,-2
8932,-1
8933,-1
8934,-1
8935,-1
8936,-1
8937,-1
8938,0
8939,1
8940,2
8941,2
8942,2
8943,2
8944,2
8945,1
8946,0
8947,-1
8948,-1
8949,-1
8950,-2
8951,-2
8952,-3
8953,-4
8954,-6
8955,-8
8956,-10
8957,-11
8958,-12
8959,-12
8960,-11
8961,-9
8962,-8
8963,-7
8964,-6
8965,-6
8966,-7
8967,-8
8968,-9
8969,-11
8970,-12
8971,-13
8972,-13
8973,-13
8974,-14
8975,-15
8976,-16
8977,-17
8978,-17
8979,-16
8980,-14
8981,-9
8982,-3
8983,6
8984,17
8985,29
8986,40
8987,51
8988,60
8989,66
8990,68
8991,66
8992,60
8993,50
8994,36
8995,19
8996,2
8997,-15
8998,-30
8999,-43
9000,-52
9001,-56
9002,-58
9003,-56
9004,-52
9005,-47
9006,-42
9007,-37
9008,-33
9009,-30
9010,-27
9011,-25
9012,-22
9013,-19
9014,-16
9015,-13
9016,-10
9017,-7
9018,-5
9019,-4
9020,-4
9021,-4
9022,-4
9023,-5
9024,-5
9025,-5
9026,-5
9027,-5
9028,-4
9029,-4
9030,-4
9031,-4
9032,-3
9033,-3
9034,-2
9035,-1
9036,0
9037,0
9038,1
9039,1
9040,0
9041,0
9042,0
9043,-1
9044,-1
9045,-1
9046,0
9047,0
9048,1
9049,1
9050,2
9051,2
9052,2
9053,2
9054,2
9055,2
9056,3
9057,3
9058,3
9059,4
9060,4
9061,4
9062,5
9063,5
9064,5
9065,6
9066,7
9067,7
9068,8
9069,8
9070,8
9071,8
9072,8
9073,7
9074,7
9075,8
9076,9
9077,10
9078,12
9079,14
9080,16
9081,17
9082,18
9083,18
9084,17
9085,17
9086,17
9087,17
9088,18
9089,20
9090,22
9091,25
9092,27
9093,30
9094,32
9095,33
9096,34
9097,34
9098,35
9099,35
9100,35
9101,35
9102,35
9103,35
9104,35
9105,35
9106,35
9107,36
9108,36
9109,37
9110,38
9111,40
9112,41
9113,42
9114,42
9115,42
9116,40
9117,39
9118,36
9119,34
9120,32
9121,30
9122,28
9123,26
9124,24
9125,23
9126,21
9127,18
9128,16
9129,13
9130,10
9131,8
9132,6
9133,4
9134,3
9135,3
9136,2
9137,2
9138,2
9139,1
9140,1
9141,0
9142,-1
9143,-2
9144,-3
9145,-4
9146,-5
9147,-6
9148,-7
9149,-8
9150,-9
9151,-9
9152,-9
9153,-8
9154,-8
9155,-7
9156,-7
9157,-7
9158,-6
9159,-7
9160,-7
9161,-8
9162,-9
9163,-10
9164,-11
9165,-12
9166,-13
9167,-13
9168,-13
9169,-12
9170,-11
9171,-9
9172,-8
9173,-7
9174,-7
9175,-7
9176,-7
9177,-8
9178,-8
9179,-9
9180,-9
9181,-8
9182,-7
9183,-6
9184,-5
9185,-4
9186,-3
9187,-3
9188,-3
9189,-3
9190,-3
9191,-3
9192,-3
9193,-3
9194,-2
9195,-2
9196,-2
9197,-2
9198,-3
9199,-4
9200,-5
9201,-6
9202,-6
9203,-5
9204,-4
9205,-3
9206,-2
9207,-1
9208,-1
9209,-1
9210,-2
9211,-3
9212,-4
9213,-5
9214,-6
9215,-6
9216,-6
9217,-6
9218,-6
9219,-5
9220,-5
9221,-5
9222,-6
9223,-6
9224,-5
9225,-5
9226,-4
9227,-4
9228,-3
9229,-2
9230,-2
9231,-3
9232,-3
9233,-4
9234,-5
9235,-5
9236,-5
9237,-5
9238,-4
9239,-3
9240,-2
9241,-2
9242,-1
9243,-2
9244,-3
9245,-4
9246,-5
9247,-6
9248,-7
9249,-7
9250,-7
9251,-6
9252,-6
9253,-5
9254,-4
9255,-4
9256,-5
9257,-6
9258,-7
9259,-8
9260,-9
9261,-9
9262,-9
9263,-9
9264,-8
9265,-7
9266,-6
9267,-5
9268,-4
9269,-4
9270,-4
9271,-4
9272,-4
9273,-4
9274,-4
9275,-5
9276,-5
9277,-5
9278,-5
9279,-5
9280,-4
9281,-4
9282,-3
9283,-2
9284,-2
9285,-1
9286,-1
9287,-1
9288,-1
9289,-1
9290,0
9291,0
9292,1
9293,1
9294,2
9295,1
9296,1
9297,0
9298,-1
9299,-1
9300,-2
9301,-3
9302,-3
9303,-4
9304,-4
9305,-5
9306,-6
9307,-7
9308,-8
9309,-10
9310,-11
9311,-12
9312,-13
9313,-13
9314,-13
9315,-13
9316,-12
9317,-10
9318,-9
9319,-9
9320,-8
9321,-8
9322,-7
9323,-7
9324,-7
9325,-8
9326,-8
9327,-8
9328,-9
9329,-11
9330,-13
9331,-15
9332,-16
9333,-15
9334,-12
9335,-6
9336,3
9337,15
9338,29
9339,43
9340,57
9341,67
9342,73
9343,74
9344,69
9345,59
9346,45
9347,29
9348,13
9349,-3
9350,-17
9351,-28
9352,-36
9353,-42
9354,-45
9355,-47
9356,-47
9357,-45
9358,-43
9359,-40
9360,-35
9361,-31
9362,-26
9363,-21
9364,-18
9365,-15
9366,-13
9367,-11
9368,-10
9369,-10
9370,-9
9371,-8
9372,-7
9373,-6
9374,-5
9375,-5
9376,-5
9377,-5
9378,-6
9379,-6
9380,-6
9381,-6
9382,-5
9383,-3
9384,-2
9385,0
9386,1
9387,2
9388,1
9389,0
9390,-1
9391,-3
9392,-5
9393,-6
9394,-6
9395,-5
9396,-3
9397,-2
9398,0
9399,2
9400,3
9401,3
9402,3
9403,3
9404,2
9405,1
9406,1
9407,0
9408,0
9409,0
9410,-1
9411,-1
9412,-1
9413,-1
9414,-1
9415,-1
9416,0
9417,2
9418,3
9419,5
9420,7
9421,8
9422,8
9423,8
9424,7
9425,6
9426,5
9427,4
9428,4
9429,4
9430,5
9431,6
9432,7
9433,9
9434,11
9435,12
9436,14
9437,15
9438,16
9439,17
9440,19
9441,20
9442,21
9443,23
9444,23
9445,24
9446,24
9447,24
9448,24
9449,24
9450,25
9451,27
9452,29
9453,31
9454,33
9455,35
9456,37
9457,38
9458,38
9459,38
9460,37
9461,37
9462,37
9463,37
9464,38
9465,39
9466,39
9467,40
9468,39
9469,38
9470,35
9471,33
9472,30
9473,27
9474,25
9475,23
9476,21
9477,20
9478,19
9479,17
9480,15
9481,12
9482,9
9483,6
9484,3
9485,0
9486,-3
9487,-4
9488,-5
9489,-5
9490,-4
9491,-3
9492,-2
9493,-2
9494,-2
9495,-3
9496,-4
9497,-5
9498,-6
9499,-7
9500,-8
9501,-8
9502,-8
9503,-8
9504,-7
9505,-7
9506,-6
9507,-6
9508,-7
9509,-7
9510,-8
9511,-9
9512,-9
9513,-10
9514,-10
9515,-9
9516,-9
9517,-8
9518,-8
9519,-8
9520,-8
9521,-9
9522,-10
9523,-11
9524,-12
9525,-13
9526,-13
9527,-12
9528,-12
9529,-12
9530,-11
9531,-11
9532,-11
9533,-11
9534,-11
9535,-11
9536,-11
9537,-11
9538,-11
9539,-10
9540,-10
9541,-10
9542,-10
9543,-10
9544,-11
9545,-11
9546,-11
9547,-11
9548,-11
9549,-10
9550,-9
9551,-8
9552,-7
9553,-6
9554,-6
9555,-7
9556,-8
9557,-9
9558,-9
9559,-10
9560,-10
9561,-9
9562,-8
9563,-7
9564,-6
9565,-5
9566,-5
9567,-5
9568,-5
9569,-6
9570,-7
9571,-7
9572,-8
9573,-7
9574,-7
9575,-6
9576,-5
9577,-4
9578,-4
9579,-5
9580,-6
9581,-7
9582,-9
9583,-11
9584,-12
9585,-12
9586,-11
9587,-10
9588,-8
9589,-6
9590,-5
9591,-4
9592,-4
9593,-4
9594,-6
9595,-7
9596,-10
9597,-11
9598,-13
9599,-13
9600,-13
9601,-13
9602,-12
9603,-11
9604,-9
9605,-8
9606,-8
9607,-8
9608,-8
9609,-8
9610,-9
9611,-10
9612,-10
9613,-11
9614,-12
9615,-12
9616,-12
9617,-12
9618,-12
9619,-12
9620,-11
9621,-10
9622,-10
9623,-9
9624,-8
9625,-8
9626,-8
9627,-8
9628,-9
9629,-9
9630,-10
9631,-11
9632,-12
9633,-13
9634,-13
9635,-13
9636,-12
9637,-12
9638,-11
9639,-11
9640,-10
9641,-10
9642,-9
9643,-9
9644,-8
9645,-8
9646,-8
9647,-8
9648,-8
9649,-9
9650,-10
9651,-10
9652,-11
9653,-11
9654,-10
9655,-9
9656,-8
9657,-6
9658,-4
9659,-3
9660,-2
9661,-2
9662,-3
9663,-3
9664,-4
9665,-5
9666,-4
9667,-3
9668,-2
9669,-1
9670,0
9671,1
9672,1
9673,1
9674,0
9675,-1
9676,-2
9677,-2
9678,-2
9679,-1
9680,0
9681,1
9682,2
9683,1
9684,1
9685,0
9686,-2
9687,-3
9688,-4
9689,-5
9690,-6
9691,-6
9692,-6
9693,-7
9694,-7
9695,-8
9696,-8
9697,-9
9698,-9
9699,-9
9700,-9
9701,-9
9702,-8
9703,-8
9704,-8
9705,-9
9706,-9
9707,-9
9708,-9
9709,-9
9710,-8
9711,-7
9712,-6
9713,-5
9714,-6
9715,-7
9716,-10
9717,-13
9718,-16
9719,-18
9720,-17
9721,-13
9722,-6
9723,4
9724,17
9725,32
9726,47
9727,61
9728,71
9729,77
9730,79
9731,75
9732,67
9733,54
9734,39
9735,21
9736,4
9737,-13
9738,-28
9739,-40
9740,-48
9741,-53
9742,-55
9743,-54
9744,-50
9745,-45
9746,-39
9747,-34
9748,-29
9749,-26
9750,-23
9751,-21
9752,-20
9753,-19
9754,-18
9755,-16
9756,-14
9757,-12
9758,-9
9759,-7
9760,-5
9761,-4
9762,-3
9763,-3
9764,-3
9765,-3
9766,-3
9767,-3
9768,-2
9769,-1
9770,0
9771,1
9772,1
9773,2
9774,1
9775,1
9776,0
9777,-1
9778,-1
9779,-1
9780,-1
9781,-1
9782,0
9783,1
9784,2
9785,2
9786,2
9787,2
9788,2
9789,1
9790,1
9791,1
9792,1
9793,1
9794,2
9795,2
9796,3
9797,4
9798,5
9799,5
9800,5
9801,4
9802,3
9803,2
9804,1
9805,1
9806,0
9807,0
9808,0
9809,1
9810,2
9811,3
9812,4
9813,4
9814,5
9815,6
9816,6
9817,7
9818,8
9819,9
9820,11
9821,12
9822,14
9823,15
9824,16
9825,17
9826,17
9827,18
9828,18
9829,19
9830,19
9831,21
9832,22
9833,25
9834,27
9835,29
9836,31
9837,32
9838,33
9839,34
9840,35
9841,35
9842,36
9843,36
9844,37
9845,38
9846,39
9847,40
9848,40
9849,40
9850,40
9851,40
9852,39
9853,39
9854,39
9855,39
9856,39
9857,39
9858,39
9859,38
9860,36
9861,34
9862,31
9863,28
9864,25
9865,21
9866,19
9867,16
9868,14
9869,13
9870,12
9871,11
9872,10
9873,9
9874,9
9875,8
9876,8
9877,7
9878,6
9879,5
9880,4
9881,3
9882,1
9883,-1
9884,-2
9885,-4
9886,-5
9887,-6
9888,-7
9889,-7
9890,-7
9891,-6
9892,-5
9893,-5
9894,-5
9895,-5
9896,-5
9897,-5
9898,-6
9899,-7
9900,-7
9901,-8
9902,-8
9903,-8
9904,-7
9905,-7
9906,-7
9907,-7
9908,-7
9909,-7
9910,-8
9911,-8
9912,-7
9913,-7
9914,-6
9915,-5
9916,-4
9917,-3
9918,-2
9919,-2
9920,-2
9921,-2
9922,-3
9923,-3
9924,-4
9925,-4
9926,-5
9927,-5
9928,-5
9929,-5
9930,-5
9931,-5
9932,-6
9933,-7
9934,-7
9935,-8
9936,-8
9937,-9
9938,-9
9939,-8
9940,-8
9941,-7
9942,-6
9943,-6
9944,-5
9945,-5
9946,-4
9947,-4
9948,-3
9949,-2
9950,-2
9951,-1
9952,0
9953,1
9954,1
9955,2
9956,2
9957,2
9958,1
9959,1
9960,1
9961,0
9962,0
9963,0
9964,0
9965,0
9966,0
9967,0
9968,0
9969,-1
9970,-1
9971,-1
9972,-1
9973,-1
9974,-1
9975,-1
9976,-1
9977,-1
9978,-2
9979,-3
9980,-4
9981,-5
9982,-6
9983,-6
9984,-6
9985,-5
9986,-5
9987,-4
9988,-3
9989,-2
9990,-1
9991,-1
9992,-1
9993,-2
9994,-3
9995,-3
9996,-3
9997,-3
9998,-3
9999,-2