0,-43
1,-30
2,-32
3,-39
4,-56
5,-67
6,-68
7,-65
8,-55
9,-34
10,-36
11,-34
12,-33
13,-36
14,-64
15,-77
16,-64
17,-56
18,-47
19,-32
20,-29
21,-34
22,-38
23,-54
24,-65
25,-61
26,-58
27,-53
28,-49
29,-41
30,-33
31,-34
32,-40
33,-48
34,-48
35,-65
36,-63
37,-63
38,-49
39,-34
40,-42
41,-36
42,-33
43,-46
44,-47
45,-59
46,-76
47,-65
48,-57
49,-43
50,-40
51,-45
52,-40
53,-48
54,-56
55,-64
56,-66
57,-61
58,-52
59,-41
60,-35
61,-34
62,-50
63,-54
64,-58
65,-65
66,-57
67,-56
68,-52
69,-41
70,-32
71,-19
72,-38
73,-44
74,-59
75,-59
76,-51
77,-60
78,-47
79,-37
80,-24
81,-19
82,-28
83,-40
84,-56
85,-57
86,-59
87,-51
88,-45
89,-44
90,-39
91,-48
92,-54
93,-61
94,-68
95,-60
96,-63
97,-67
98,-48
99,-42
100,-37
101,-42
102,-38
103,-54
104,-70
105,-63
106,-62
107,-64
108,-55
109,-43
110,-49
111,-41
112,-46
113,-55
114,-53
115,-74
116,-74
117,-66
118,-35
119,-42
120,-35
121,-37
122,-45
123,-71
124,-76
125,-76
126,-72
127,-66
128,-53
129,-56
130,-58
131,-60
132,-67
133,-68
134,-66
135,-51
136,-30
137,4
138,19
139,45
140,51
141,53
142,27
143,2
144,-25
145,-50
146,-39
147,-49
148,-45
149,-74
150,-87
151,-94
152,-100
153,-99
154,-107
155,-110
156,-105
157,-101
158,-85
159,-62
160,-43
161,-58
162,-70
163,-77
164,-74
165,-77
166,-79
167,-65
168,-57
169,-43
170,-35
171,-43
172,-52
173,-70
174,-69
175,-74
176,-66
177,-53
178,-46
179,-38
180,-39
181,-42
182,-54
183,-67
184,-60
185,-58
186,-59
187,-49
188,-31
189,-40
190,-40
191,-37
192,-47
193,-65
194,-72
195,-65
196,-60
197,-46
198,-42
199,-40
200,-39
201,-40
202,-50
203,-56
204,-69
205,-69
206,-66
207,-50
208,-37
209,-44
210,-37
211,-39
212,-54
213,-57
214,-54
215,-54
216,-45
217,-37
218,-27
219,-21
220,-33
221,-34
222,-42
223,-53
224,-55
225,-59
226,-58
227,-46
228,-30
229,-26
230,-25
231,-35
232,-36
233,-42
234,-51
235,-53
236,-33
237,-17
238,-15
239,-19
240,-29
241,-31
242,-39
243,-49
244,-38
245,-43
246,-29
247,-18
248,-13
249,-6
250,2
251,-6
252,-16
253,-29
254,-24
255,-22
256,-16
257,-15
258,-17
259,-15
260,5
261,-15
262,-24
263,-33
264,-39
265,-34
266,-13
267,-16
268,-5
269,-2
270,-5
271,-19
272,-39
273,-35
274,-45
275,-47
276,-39
277,-34
278,-21
279,-17
280,-28
281,-43
282,-56
283,-61
284,-57
285,-62
286,-53
287,-39
288,-32
289,-24
290,-37
291,-42
292,-64
293,-73
294,-87
295,-72
296,-62
297,-48
298,-40
299,-37
300,-42
301,-52
302,-67
303,-70
304,-76
305,-61
306,-65
307,-60
308,-51
309,-39
310,-47
311,-63
312,-66
313,-78
314,-76
315,-79
316,-67
317,-63
318,-59
319,-49
320,-51
321,-59
322,-74
323,-78
324,-69
325,-61
326,-57
327,-30
328,-41
329,-46
330,-50
331,-66
332,-71
333,-81
334,-72
335,-74
336,-62
337,-51
338,-45
339,-41
340,-44
341,-60
342,-74
343,-77
344,-77
345,-68
346,-55
347,-48
348,-44
349,-37
350,-54
351,-52
352,-70
353,-75
354,-69
355,-66
356,-60
357,-42
358,-29
359,-34
360,-46
361,-65
362,-60
363,-69
364,-54
365,-63
366,-49
367,-56
368,-51
369,-41
370,-37
371,-57
372,-58
373,-70
374,-70
375,-69
376,-52
377,-41
378,-38
379,-41
380,-52
381,-57
382,-67
383,-68
384,-72
385,-64
386,-57
387,-44
388,-36
389,-38
390,-50
391,-66
392,-68
393,-64
394,-67
395,-68
396,-50
397,-50
398,-41
399,-39
400,-43
401,-58
402,-75
403,-76
404,-68
405,-71
406,-60
407,-49
408,-43
409,-44
410,-52
411,-62
412,-71
413,-68
414,-68
415,-54
416,-57
417,-47
418,-39
419,-50
420,-60
421,-63
422,-68
423,-77
424,-72
425,-67
426,-49
427,-50
428,-48
429,-54
430,-54
431,-65
432,-83
433,-75
434,-71
435,-66
436,-45
437,-39
438,-41
439,-54
440,-58
441,-65
442,-78
443,-69
444,-64
445,-70
446,-61
447,-56
448,-47
449,-47
450,-46
451,-64
452,-70
453,-76
454,-75
455,-61
456,-54
457,-50
458,-50
459,-55
460,-63
461,-66
462,-70
463,-71
464,-71
465,-58
466,-52
467,-49
468,-46
469,-49
470,-56
471,-72
472,-75
473,-73
474,-75
475,-57
476,-32
477,-47
478,-44
479,-55
480,-60
481,-69
482,-70
483,-75
484,-75
485,-55
486,-47
487,-46
488,-43
489,-44
490,-52
491,-71
492,-81
493,-77
494,-64
495,-49
496,-38
497,-33
498,-33
499,-40
500,-54
501,-64
502,-58
503,-61
504,-69
505,-55
506,-40
507,-36
508,-38
509,-38
510,-50
511,-56
512,-54
513,-79
514,-72
515,-50
516,-41
517,-40
518,-51
519,-61
520,-73
521,-70
522,-70
523,-72
524,-69
525,-57
526,-51
527,-46
528,-50
529,-55
530,-69
531,-72
532,-69
533,-71
534,-62
535,-44
536,-49
537,-36
538,-44
539,-46
540,-58
541,-83
542,-81
543,-80
544,-71
545,-52
546,-52
547,-51
548,-54
549,-63
550,-75
551,-91
552,-84
553,-77
554,-70
555,-52
556,-48
557,-36
558,-17
559,-12
560,-15
561,-13
562,3
563,25
564,28
565,32
566,25
567,-1
568,-11
569,-21
570,-48
571,-75
572,-95
573,-124
574,-126
575,-91
576,-95
577,-100
578,-79
579,-84
580,-91
581,-104
582,-97
583,-91
584,-74
585,-67
586,-54
587,-50
588,-53
589,-65
590,-75
591,-82
592,-78
593,-74
594,-52
595,-43
596,-42
597,-53
598,-47
599,-55
600,-62
601,-66
602,-69
603,-62
604,-47
605,-40
606,-40
607,-45
608,-31
609,-47
610,-61
611,-59
612,-63
613,-58
614,-63
615,-52
616,-38
617,-38
618,-44
619,-67
620,-63
621,-73
622,-74
623,-64
624,-45
625,-35
626,-30
627,-37
628,-36
629,-52
630,-69
631,-68
632,-69
633,-60
634,-50
635,-41
636,-26
637,-34
638,-40
639,-50
640,-55
641,-60
642,-59
643,-47
644,-39
645,-28
646,-26
647,-29
648,-30
649,-40
650,-57
651,-70
652,-55
653,-50
654,-35
655,-32
656,-29
657,-24
658,-26
659,-47
660,-51
661,-48
662,-38
663,-47
664,-25
665,-12
666,-15
667,-23
668,-25
669,-28
670,-41
671,-48
672,-30
673,-31
674,-25
675,-14
676,-4
677,4
678,6
679,-20
680,-23
681,-26
682,-24
683,-24
684,-14
685,-9
686,-11
687,-11
688,-12
689,-23
690,-40
691,-39
692,-30
693,-30
694,-10
695,-4
696,-13
697,-12
698,-15
699,-38
700,-45
701,-55
702,-48
703,-48
704,-36
705,-36
706,-30
707,-37
708,-48
709,-71
710,-66
711,-60
712,-62
713,-59
714,-48
715,-44
716,-38
717,-38
718,-49
719,-59
720,-67
721,-72
722,-65
723,-57
724,-42
725,-50
726,-48
727,-46
728,-45
729,-61
730,-69
731,-73
732,-73
733,-64
734,-53
735,-49
736,-40
737,-41
738,-53
739,-67
740,-75
741,-78
742,-76
743,-65
744,-52
745,-51
746,-48
747,-59
748,-56
749,-63
750,-76
751,-78
752,-66
753,-55
754,-49
755,-45
756,-45
757,-54
758,-66
759,-63
760,-72
761,-78
762,-73
763,-59
764,-47
765,-41
766,-50
767,-54
768,-56
769,-58
770,-70
771,-75
772,-61
773,-47
774,-47
775,-39
776,-41
777,-36
778,-51
779,-67
780,-69
781,-60
782,-64
783,-65
784,-45
785,-34
786,-42
787,-45
788,-63
789,-65
790,-67
791,-73
792,-68
793,-47
794,-40
795,-38
796,-39
797,-43
798,-51
799,-71
800,-72
801,-69
802,-62
803,-46
804,-39
805,-41
806,-47
807,-49
808,-61
809,-63
810,-70
811,-72
812,-62
813,-48
814,-42
815,-33
816,-41
817,-46
818,-60
819,-68
820,-69
821,-61
822,-64
823,-52
824,-42
825,-32
826,-38
827,-46
828,-59
829,-70
830,-70
831,-69
832,-60
833,-52
834,-41
835,-44
836,-44
837,-56
838,-61
839,-68
840,-67
841,-70
842,-63
843,-56
844,-42
845,-42
846,-44
847,-49
848,-60
849,-56
850,-67
851,-69
852,-60
853,-39
854,-32
855,-26
856,-49
857,-56
858,-67
859,-76
860,-72
861,-69
862,-61
863,-49
864,-43
865,-42
866,-39
867,-57
868,-59
869,-61
870,-68
871,-60
872,-64
873,-64
874,-50
875,-45
876,-42
877,-56
878,-67
879,-68
880,-74
881,-70
882,-60
883,-54
884,-44
885,-35
886,-47
887,-44
888,-60
889,-63
890,-65
891,-68
892,-54
893,-36
894,-46
895,-46
896,-46
897,-52
898,-71
899,-68
900,-73
901,-66
902,-60
903,-45
904,-38
905,-42
906,-49
907,-49
908,-60
909,-77
910,-77
911,-71
912,-58
913,-41
914,-37
915,-36
916,-44
917,-51
918,-69
919,-68
920,-71
921,-65
922,-61
923,-50
924,-38
925,-34
926,-42
927,-50
928,-63
929,-73
930,-66
931,-54
932,-36
933,-37
934,-38
935,-39
936,-41
937,-56
938,-61
939,-60
940,-61
941,-52
942,-45
943,-34
944,-27
945,-27
946,-42
947,-50
948,-55
949,-70
950,-64
951,-59
952,-44
953,-31
954,-33
955,-45
956,-53
957,-59
958,-74
959,-74
960,-74
961,-69
962,-50
963,-46
964,-39
965,-40
966,-50
967,-63
968,-76
969,-73
970,-66
971,-66
972,-49
973,-38
974,-45
975,-45
976,-51
977,-60
978,-68
979,-61
980,-64
981,-64
982,-49
983,-38
984,-29
985,-44
986,-65
987,-75
988,-65
989,-80
990,-77
991,-64
992,-44
993,-34
994,-29
995,-11
996,-5
997,-5
998,7
999,19
1000,28
1001,37
1002,45
1003,36
1004,-3
1005,-23
1006,-33
1007,-63
1008,-81
1009,-101
1010,-125
1011,-116
1012,-96
1013,-84
1014,-80
1015,-80
1016,-76
1017,-86
1018,-101
1019,-97
1020,-76
1021,-55
1022,-55
1023,-41
1024,-48
1025,-51
1026,-54
1027,-67
1028,-66
1029,-63
1030,-60
1031,-54
1032,-44
1033,-44
1034,-40
1035,-48
1036,-60
1037,-69
1038,-71
1039,-61
1040,-58
1041,-51
1042,-45
1043,-41
1044,-31
1045,-33
1046,-41
1047,-72
1048,-63
1049,-65
1050,-60
1051,-52
1052,-35
1053,-31
1054,-26
1055,-40
1056,-50
1057,-54
1058,-60
1059,-56
1060,-56
1061,-45
1062,-35
1063,-24
1064,-30
1065,-32
1066,-47
1067,-56
1068,-63
1069,-71
1070,-69
1071,-43
1072,-34
1073,-28
1074,-21
1075,-35
1076,-41
1077,-49
1078,-61
1079,-54
1080,-49
1081,-29
1082,-22
1083,-20
1084,-29
1085,-41
1086,-50
1087,-55
1088,-51
1089,-58
1090,-47
1091,-30
1092,-17
1093,-11
1094,-14
1095,-28
1096,-36
1097,-35
1098,-54
1099,-45
1100,-39
1101,-17
1102,-13
1103,-8
1104,-2
1105,-15
1106,-31
1107,-31
1108,-39
1109,-28
1110,-19
1111,-9
1112,-6
1113,0
1114,0
1115,0
1116,-20
1117,-30
1118,-19
1119,-16
1120,-16
1121,-10
1122,-5
1123,7
1124,4
1125,-4
1126,-16
1127,-25
1128,-28
1129,-34
1130,-21
1131,-4
1132,-1
1133,0
1134,-21
1135,-25
1136,-39
1137,-37
1138,-41
1139,-39
1140,-32
1141,-21
1142,-18
1143,-25
1144,-34
1145,-38
1146,-56
1147,-54
1148,-57
1149,-56
1150,-46
1151,-46
1152,-43
1153,-39
1154,-40
1155,-39
1156,-47
1157,-56
1158,-56
1159,-53
1160,-43
1161,-42
1162,-41
1163,-36
1164,-39
1165,-46
1166,-54
1167,-70
1168,-59
1169,-66
1170,-54
1171,-40
1172,-41
1173,-36
1174,-46
1175,-51
1176,-66
1177,-71
1178,-74
1179,-67
1180,-48
1181,-35
1182,-30
1183,-37
1184,-36
1185,-41
1186,-64
1187,-67
1188,-66
1189,-73
1190,-61
1191,-47
1192,-37
1193,-38
1194,-45
1195,-57
1196,-57
1197,-61
1198,-65
1199,-62
1200,-55
1201,-45
1202,-48
1203,-37
1204,-39
1205,-49
1206,-52
1207,-60
1208,-58
1209,-52
1210,-45
1211,-37
1212,-29
1213,-45
1214,-46
1215,-51
1216,-62
1217,-55
1218,-53
1219,-52
1220,-44
1221,-39
1222,-24
1223,-32
1224,-39
1225,-51
1226,-63
1227,-64
1228,-64
1229,-60
1230,-44
1231,-42
1232,-33
1233,-34
1234,-39
1235,-50
1236,-50
1237,-51
1238,-52
1239,-40
1240,-30
1241,-35
1242,-39
1243,-37
1244,-34
1245,-53
1246,-70
1247,-78
1248,-61
1249,-51
1250,-32
1251,-26
1252,-31
1253,-31
1254,-38
1255,-62
1256,-66
1257,-60
1258,-68
1259,-53
1260,-37
1261,-34
1262,-41
1263,-44
1264,-43
1265,-56
1266,-62
1267,-58
1268,-58
1269,-61
1270,-36
1271,-40
1272,-34
1273,-31
1274,-40
1275,-59
1276,-63
1277,-60
1278,-63
1279,-55
1280,-42
1281,-47
1282,-40
1283,-51
1284,-54
1285,-58
1286,-67
1287,-61
1288,-59
1289,-47
1290,-36
1291,-22
1292,-34
1293,-33
1294,-36
1295,-52
1296,-60
1297,-73
1298,-70
1299,-58
1300,-44
1301,-31
1302,-28
1303,-29
1304,-31
1305,-48
1306,-65
1307,-68
1308,-59
1309,-50
1310,-40
1311,-48
1312,-40
1313,-40
1314,-53
1315,-60
1316,-66
1317,-69
1318,-60
1319,-44
1320,-41
1321,-43
1322,-39
1323,-44
1324,-50
1325,-55
1326,-67
1327,-61
1328,-63
1329,-47
1330,-35
1331,-29
1332,-36
1333,-42
1334,-43
1335,-62
1336,-52
1337,-52
1338,-63
1339,-48
1340,-39
1341,-42
1342,-43
1343,-44
1344,-43
1345,-67
1346,-68
1347,-63
1348,-54
1349,-38
1350,-40
1351,-32
1352,-33
1353,-38
1354,-51
1355,-59
1356,-64
1357,-50
1358,-57
1359,-53
1360,-41
1361,-40
1362,-42
1363,-42
1364,-52
1365,-66
1366,-69
1367,-65
1368,-52
1369,-31
1370,-33
1371,-33
1372,-35
1373,-47
1374,-61
1375,-57
1376,-55
1377,-77
1378,-61
1379,-43
1380,-42
1381,-33
1382,-33
1383,-40
1384,-52
1385,-56
1386,-62
1387,-63
1388,-50
1389,-31
1390,-33
1391,-34
1392,-45
1393,-34
1394,-48
1395,-56
1396,-59
1397,-59
1398,-47
1399,-41
1400,-32
1401,-26
1402,-34
1403,-32
1404,-54
1405,-52
1406,-55
1407,-53
1408,-42
1409,-32
1410,-37
1411,-37
1412,-24
1413,-31
1414,-44
1415,-60
1416,-60
1417,-59
1418,-41
1419,-27
1420,-17
1421,-14
1422,-39
1423,-34
1424,-50
1425,-47
1426,-50
1427,-74
1428,-57
1429,-42
1430,-34
1431,-40
1432,-49
1433,-50
1434,-65
1435,-63
1436,-66
1437,-62
1438,-49
1439,-39
1440,-36
1441,-37
1442,-37
1443,-39
1444,-54
1445,-76
1446,-66
1447,-60
1448,-50
1449,-43
1450,-42
1451,-33
1452,-33
1453,-53
1454,-61
1455,-69
1456,-71
1457,-62
1458,-51
1459,-54
1460,-44
1461,-25
1462,-26
1463,-28
1464,-23
1465,-15
1466,2
1467,15
1468,46
1469,57
1470,53
1471,36
1472,10
1473,-16
1474,-27
1475,-33
1476,-51
1477,-70
1478,-87
1479,-82
1480,-73
1481,-84
1482,-81
1483,-83
1484,-96
1485,-96
1486,-90
1487,-90
1488,-68
1489,-55
1490,-34
1491,-42
1492,-36
1493,-46
1494,-71
1495,-64
1496,-56
1497,-57
1498,-37
1499,-39
1500,-29
1501,-30
1502,-28
1503,-43
1504,-58
1505,-69
1506,-62
1507,-49
1508,-35
1509,-35
1510,-26
1511,-29
1512,-40
1513,-53
1514,-62
1515,-60
1516,-51
1517,-42
1518,-32
1519,-27
1520,-31
1521,-24
1522,-22
1523,-44
1524,-52
1525,-51
1526,-68
1527,-46
1528,-36
1529,-26
1530,-24
1531,-28
1532,-25
1533,-42
1534,-45
1535,-48
1536,-51
1537,-48
1538,-43
1539,-30
1540,-21
1541,-29
1542,-26
1543,-41
1544,-45
1545,-49
1546,-53
1547,-43
1548,-21
1549,-26
1550,-15
1551,-15
1552,-15
1553,-47
1554,-40
1555,-49
1556,-48
1557,-36
1558,-28
1559,-16
1560,-12
1561,-11
1562,-14
1563,-19
1564,-32
1565,-44
1566,-40
1567,-29
1568,-18
1569,-4
1570,-9
1571,-9
1572,-20
1573,-27
1574,-27
1575,-24
1576,-19
1577,-6
1578,5
1579,8
1580,2
1581,-1
1582,-3
1583,-10
1584,-25
1585,-20
1586,-14
1587,-17
1588,-6
1589,12
1590,9
1591,7
1592,1
1593,-8
1594,-10
1595,-17
1596,-26
1597,-10
1598,3
1599,9
1600,12
1601,16
1602,0
1603,-40
1604,-35
1605,-34
1606,-30
1607,-22
1608,-13
1609,-10
1610,-13
1611,-18
1612,-31
1613,-45
1614,-53
1615,-47
1616,-47
1617,-37
1618,-32
1619,-24
1620,-19
1621,-33
1622,-42
1623,-55
1624,-59
1625,-54
1626,-52
1627,-43
1628,-34
1629,-21
1630,-29
1631,-34
1632,-44
1633,-55
1634,-50
1635,-50
1636,-51
1637,-47
1638,-42
1639,-33
1640,-33
1641,-31
1642,-50
1643,-65
1644,-71
1645,-60
1646,-47
1647,-45
1648,-30
1649,-26
1650,-29
1651,-33
1652,-51
1653,-59
1654,-60
1655,-60
1656,-60
1657,-42
1658,-38
1659,-30
1660,-31
1661,-35
1662,-48
1663,-55
1664,-62
1665,-64
1666,-50
1667,-30
1668,-23
1669,-25
1670,-34
1671,-37
1672,-49
1673,-58
1674,-61
1675,-63
1676,-52
1677,-32
1678,-29
1679,-30
1680,-32
1681,-41
1682,-48
1683,-56
1684,-63
1685,-55
1686,-45
1687,-35
1688,-29
1689,-15
1690,-9
1691,-28
1692,-50
1693,-55
1694,-56
1695,-50
1696,-55
1697,-30
1698,-27
1699,-22
1700,-31
1701,-41
1702,-51
1703,-57
1704,-54
1705,-56
1706,-48
1707,-36
1708,-31
1709,-23
1710,-23
1711,-37
1712,-56
1713,-64
1714,-59
1715,-56
1716,-46
1717,-29
1718,-30
1719,-22
1720,-34
1721,-47
1722,-57
1723,-58
1724,-61
1725,-61
1726,-42
1727,-44
1728,-33
1729,-29
1730,-22
1731,-33
1732,-42
1733,-53
1734,-55
1735,-48
1736,-43
1737,-40
1738,-26
1739,-35
1740,-36
1741,-53
1742,-53
1743,-60
1744,-60
1745,-57
1746,-43
1747,-34
1748,-31
1749,-34
1750,-44
1751,-43
1752,-48
1753,-63
1754,-60
1755,-58
1756,-46
1757,-31
1758,-30
1759,-23
1760,-35
1761,-45
1762,-53
1763,-57
1764,-57
1765,-54
1766,-50
1767,-41
1768,-36
1769,-36
1770,-36
1771,-46
1772,-48
1773,-56
1774,-37
1775,-56
1776,-51
1777,-35
1778,-34
1779,-37
1780,-38
1781,-46
1782,-55
1783,-46
1784,-58
1785,-59
1786,-49
1787,-39
1788,-33
1789,-32
1790,-38
1791,-47
1792,-49
1793,-58
1794,-61
1795,-55
1796,-38
1797,-31
1798,-28
1799,-27
1800,-35
1801,-51
1802,-59
1803,-54
1804,-55
1805,-47
1806,-39
1807,-29
1808,-16
1809,-28
1810,-34
1811,-47
1812,-53
1813,-53
1814,-62
1815,-59
1816,-47
1817,-34
1818,-23
1819,-19
1820,-32
1821,-49
1822,-55
1823,-55
1824,-52
1825,-47
1826,-39
1827,-33
1828,-26
1829,-34
1830,-43
1831,-50
1832,-61
1833,-59
1834,-51
1835,-50
1836,-33
1837,-21
1838,-26
1839,-41
1840,-33
1841,-39
1842,-39
1843,-38
1844,-52
1845,-42
1846,-25
1847,-20
1848,-32
1849,-29
1850,-28
1851,-38
1852,-43
1853,-47
1854,-46
1855,-41
1856,-20
1857,-14
1858,-8
1859,-19
1860,-39
1861,-45
1862,-52
1863,-62
1864,-58
1865,-41
1866,-27
1867,-25
1868,-14
1869,-25
1870,-39
1871,-49
1872,-53
1873,-53
1874,-53
1875,-39
1876,-37
1877,-31
1878,-25
1879,-36
1880,-41
1881,-54
1882,-70
1883,-66
1884,-60
1885,-34
1886,-28
1887,-18
1888,-20
1889,-31
1890,-41
1891,-47
1892,-43
1893,-49
1894,-56
1895,-57
1896,-37
1897,-28
1898,-28
1899,-41
1900,-57
1901,-66
1902,-60
1903,-65
1904,-47
1905,-36
1906,-28
1907,-8
1908,2
1909,7
1910,19
1911,21
1912,34
1913,41
1914,42
1915,48
1916,28
1917,-3
1918,-9
1919,-4
1920,-35
1921,-63
1922,-90
1923,-102
1924,-91
1925,-70
1926,-70
1927,-76
1928,-74
1929,-70
1930,-78
1931,-77
1932,-68
1933,-68
1934,-58
1935,-49
1936,-33
1937,-23
1938,-29
1939,-39
1940,-47
1941,-56
1942,-60
1943,-49
1944,-47
1945,-34
1946,-32
1947,-23
1948,-26
1949,-34
1950,-35
1951,-37
1952,-34
1953,-47
1954,-46
1955,-34
1956,-23
1957,-20
1958,-27
1959,-36
1960,-36
1961,-34
1962,-47
1963,-51
1964,-43
1965,-29
1966,-24
1967,-5
1968,-15
1969,-22
1970,-33
1971,-40
1972,-43
1973,-51
1974,-48
1975,-26
1976,-28
1977,-19
1978,-14
1979,-29
1980,-30
1981,-41
1982,-40
1983,-36
1984,-40
1985,-25
1986,-10
1987,-9
1988,-12
1989,-19
1990,-33
1991,-36
1992,-36
1993,-36
1994,-36
1995,-27
1996,-5
1997,-8
1998,-9
1999,-20
2000,-42
2001,-29
2002,-40
2003,-37
2004,-24
2005,-1
2006,-1
2007,7
2008,-4
2009,-9
2010,-21
2011,-38
2012,-31
2013,-32
2014,-12
2015,-8
2016,2
2017,14
2018,4
2019,5
2020,-18
2021,-10
2022,-11
2023,-16
2024,-5
2025,10
2026,27
2027,20
2028,15
2029,14
2030,10
2031,7
2032,-9
2033,-12
2034,10
2035,17
2036,11
2037,13
2038,9
2039,1
2040,-9
2041,-11
2042,-8
2043,-9
2044,0
2045,9
2046,13
2047,14
2048,10
2049,-7
2050,-28
2051,-45
2052,-35
2053,-29
2054,-22
2055,-11
2056,-13
2057,-9
2058,-18
2059,-25
2060,-37
2061,-42
2062,-45
2063,-40
2064,-29
2065,-13
2066,-9
2067,-12
2068,-17
2069,-31
2070,-46
2071,-58
2072,-54
2073,-45
2074,-28
2075,-32
2076,-24
2077,-20
2078,-30
2079,-43
2080,-48
2081,-65
2082,-56
2083,-54
2084,-29
2085,-27
2086,-23
2087,-24
2088,-26
2089,-33
2090,-57
2091,-63
2092,-57
2093,-45
2094,-36
2095,-23
2096,-25
2097,-32
2098,-25
2099,-29
2100,-48
2101,-52
2102,-57
2103,-59
2104,-33
2105,-27
2106,-31
2107,-21
2108,-27
2109,-32
2110,-44
2111,-42
2112,-50
2113,-49
2114,-31
2115,-31
2116,-28
2117,-28
2118,-27
2119,-41
2120,-49
2121,-52
2122,-47
2123,-42
2124,-30
2125,-25
2126,-21
2127,-23
2128,-36
2129,-42
2130,-49
2131,-47
2132,-42
2133,-39
2134,-24
2135,-12
2136,-13
2137,-17
2138,-28
2139,-27
2140,-47
2141,-48
2142,-43
2143,-31
2144,-21
2145,-26
2146,-18
2147,-23
2148,-27
2149,-38
2150,-42
2151,-44
2152,-49
2153,-39
2154,-21
2155,-13
2156,-17
2157,-18
2158,-28
2159,-46
2160,-49
2161,-50
2162,-47
2163,-31
2164,-13
2165,-19
2166,-27
2167,-26
2168,-27
2169,-41
2170,-44
2171,-50
2172,-54
2173,-37
2174,-21
2175,-18
2176,-21
2177,-18
2178,-23
2179,-41
2180,-59
2181,-55
2182,-52
2183,-44
2184,-24
2185,-15
2186,-17
2187,-29
2188,-38
2189,-54
2190,-62
2191,-55
2192,-52
2193,-37
2194,-23
2195,-23
2196,-23
2197,-16
2198,-43
2199,-53
2200,-51
2201,-46
2202,-41
2203,-24
2204,-26
2205,-25
2206,-28
2207,-21
2208,-37
2209,-47
2210,-48
2211,-48
2212,-48
2213,-32
2214,-17
2215,-19
2216,-22
2217,-26
2218,-37
2219,-59
2220,-63
2221,-49
2222,-49
2223,-41
2224,-26
2225,-19
2226,-17
2227,-32
2228,-39
2229,-56
2230,-61
2231,-58
2232,-43
2233,-28
2234,-21
2235,-27
2236,-21
2237,-22
2238,-40
2239,-56
2240,-54
2241,-51
2242,-46
2243,-32
2244,-20
2245,-26
2246,-11
2247,-19
2248,-36
2249,-52
2250,-58
2251,-59
2252,-37
2253,-27
2254,-28
2255,-29
2256,-23
2257,-26
2258,-43
2259,-54
2260,-60
2261,-55
2262,-43
2263,-30
2264,-23
2265,-17
2266,-29
2267,-41
2268,-39
2269,-48
2270,-51
2271,-43
2272,-32
2273,-26
2274,-23
2275,-18
2276,-22
2277,-24
2278,-34
2279,-46
2280,-46
2281,-42
2282,-31
2283,-5
2284,-3
2285,-14
2286,-33
2287,-41
2288,-37
2289,-52
2290,-56
2291,-48
2292,-41
2293,-24
2294,-22
2295,-28
2296,-15
2297,-27
2298,-32
2299,-48
2300,-50
2301,-50
2302,-42
2303,-20
2304,-25
2305,-20
2306,-25
2307,-32
2308,-51
2309,-54
2310,-56
2311,-46
2312,-43
2313,-27
2314,-15
2315,-22
2316,-29
2317,-40
2318,-55
2319,-59
2320,-45
2321,-44
2322,-34
2323,-34
2324,-38
2325,-23
2326,-37
2327,-44
2328,-54
2329,-61
2330,-64
2331,-48
2332,-36
2333,-39
2334,-23
2335,-29
2336,-36
2337,-50
2338,-63
2339,-65
2340,-68
2341,-55
2342,-39
2343,-11
2344,11
2345,30
2346,27
2347,32
2348,45
2349,47
2350,40
2351,35
2352,22
2353,-2
2354,-7
2355,3
2356,-21
2357,-42
2358,-83
2359,-112
2360,-122
2361,-98
2362,-81
2363,-77
2364,-60
2365,-64
2366,-68
2367,-67
2368,-73
2369,-76
2370,-69
2371,-65
2372,-48
2373,-42
2374,-23
2375,-24
2376,-26
2377,-46
2378,-57
2379,-59
2380,-55
2381,-41
2382,-34
2383,-30
2384,-29
2385,-26
2386,-33
2387,-44
2388,-57
2389,-61
2390,-48
2391,-48
2392,-33
2393,-23
2394,-14
2395,-14
2396,-36
2397,-38
2398,-52
2399,-52
2400,-54
2401,-47
2402,-32
2403,-22
2404,-24
2405,-15
2406,-25
2407,-38
2408,-51
2409,-52
2410,-43
2411,-40
2412,-35
2413,-28
2414,-24
2415,-18
2416,-31
2417,-42
2418,-35
2419,-46
2420,-47
2421,-37
2422,-17
2423,-13
2424,-16
2425,-13
2426,-30
2427,-48
2428,-36
2429,-48
2430,-44
2431,-38
2432,-16
2433,-16
2434,-10
2435,-8
2436,-20
2437,-26
2438,-40
2439,-37
2440,-41
2441,-32
2442,-26
2443,-12
2444,-5
2445,-2
2446,-18
2447,-27
2448,-24
2449,-30
2450,-28
2451,-13
2452,8
2453,5
2454,-7
2455,2
2456,-8
2457,-11
2458,-14
2459,-21
2460,-17
2461,-6
2462,5
2463,17
2464,30
2465,13
2466,5
2467,-17
2468,-3
2469,-8
2470,-12
2471,11
2472,14
2473,11
2474,12
2475,15
2476,16
2477,-2
2478,-11
2479,-24
2480,-19
2481,-2
2482,-1
2483,8
2484,0
2485,3
2486,-1
2487,-18
2488,-42
2489,-41
2490,-32
2491,-19
2492,-14
2493,-12
2494,-13
2495,-18
2496,-28
2497,-44
2498,-54
2499,-43
2500,-38
2501,-36
2502,-34
2503,-24
2504,-24
2505,-24
2506,-42
2507,-60
2508,-60
2509,-43
2510,-40
2511,-33
2512,-22
2513,-15
2514,-14
2515,-32
2516,-47
2517,-55
2518,-53
2519,-54
2520,-43
2521,-28
2522,-23
2523,-34
2524,-28
2525,-31
2526,-38
2527,-57
2528,-60
2529,-60
2530,-48
2531,-34
2532,-29
2533,-28
2534,-30
2535,-35
2536,-50
2537,-57
2538,-53
2539,-55
2540,-42
2541,-23
2542,-20
2543,-23
2544,-17
2545,-25
2546,-41
2547,-53
2548,-57
2549,-56
2550,-51
2551,-34
2552,-30
2553,-23
2554,-19
2555,-28
2556,-51
2557,-51
2558,-44
2559,-42
2560,-46
2561,-30
2562,-21
2563,-23
2564,-24
2565,-48
2566,-55
2567,-53
2568,-51
2569,-50
2570,-40
2571,-21
2572,-10
2573,-11
2574,-20
2575,-25
2576,-39
2577,-43
2578,-52
2579,-50
2580,-33
2581,-28
2582,-20
2583,-20
2584,-17
2585,-28
2586,-36
2587,-43
2588,-57
2589,-45
2590,-31
2591,-24
2592,-16
2593,-19
2594,-22
2595,-27
2596,-38
2597,-49
2598,-50
2599,-50
2600,-39
2601,-22
2602,-15
2603,-17
2604,-20
2605,-36
2606,-48
2607,-50
2608,-48
2609,-53
2610,-37
2611,-33
2612,-11
2613,-10
2614,-21
2615,-37
2616,-47
2617,-47
2618,-44
2619,-37
2620,-24
2621,-16
2622,-19
2623,-29
2624,-31
2625,-47
2626,-49
2627,-50
2628,-47
2629,-48
2630,-40
2631,-21
2632,-19
2633,-27
2634,-18
2635,-29
2636,-45
2637,-49
2638,-48
2639,-45
2640,-32
2641,-24
2642,-29
2643,-18
2644,-25
2645,-41
2646,-43
2647,-54
2648,-55
2649,-46
2650,-37
2651,-26
2652,-24
2653,-22
2654,-24
2655,-39
2656,-43
2657,-49
2658,-48
2659,-41
2660,-25
2661,-19
2662,-26
2663,-22
2664,-20
2665,-47
2666,-44
2667,-50
2668,-47
2669,-38
2670,-28
2671,-3
2672,-14
2673,-15
2674,-28
2675,-42
2676,-46
2677,-54
2678,-56
2679,-46
2680,-25
2681,-26
2682,-30
2683,-28
2684,-22
2685,-49
2686,-53
2687,-44
2688,-40
2689,-34
2690,-31
2691,-24
2692,-22
2693,-28
2694,-33
2695,-45
2696,-50
2697,-47
2698,-46
2699,-37
2700,-17
2701,-21
2702,-19
2703,-28
2704,-22
2705,-37
2706,-46
2707,-46
2708,-43
2709,-34
2710,-29
2711,-21
2712,-8
2713,-18
2714,-31
2715,-52
2716,-48
2717,-43
2718,-40
2719,-21
2720,-1
2721,-11
2722,-13
2723,-17
2724,-25
2725,-38
2726,-49
2727,-50
2728,-43
2729,-30
2730,-21
2731,-19
2732,-7
2733,-5
2734,-19
2735,-39
2736,-31
2737,-45
2738,-46
2739,-31
2740,-24
2741,-22
2742,-14
2743,-20
2744,-23
2745,-40
2746,-38
2747,-38
2748,-48
2749,-39
2750,-27
2751,-31
2752,-25
2753,-24
2754,-34
2755,-45
2756,-47
2757,-54
2758,-43
2759,-34
2760,-24
2761,-19
2762,-16
2763,-26
2764,-36
2765,-50
2766,-50
2767,-59
2768,-59
2769,-40
2770,-18
2771,-23
2772,-20
2773,-30
2774,-44
2775,-48
2776,-58
2777,-62
2778,-51
2779,-45
2780,-28
2781,-17
2782,-11
2783,13
2784,-2
2785,10
2786,13
2787,38
2788,48
2789,61
2790,59
2791,51
2792,25
2793,12
2794,-8
2795,-28
2796,-38
2797,-67
2798,-73
2799,-70
2800,-68
2801,-80
2802,-74
2803,-69
2804,-68
2805,-80
2806,-85
2807,-78
2808,-67
2809,-41
2810,-30
2811,-31
2812,-29
2813,-31
2814,-41
2815,-52
2816,-57
2817,-49
2818,-39
2819,-25
2820,-21
2821,-14
2822,-12
2823,-28
2824,-48
2825,-50
2826,-52
2827,-42
2828,-39
2829,-22
2830,-16
2831,-8
2832,-16
2833,-12
2834,-20
2835,-18
2836,-29
2837,-58
2838,-51
2839,-27
2840,-12
2841,-20
2842,-20
2843,-28
2844,-35
2845,-36
2846,-32
2847,-35
2848,-33
2849,-27
2850,-22
2851,-17
2852,-13
2853,-29
2854,-34
2855,-43
2856,-37
2857,-32
2858,-27
2859,-14
2860,-10
2861,-12
2862,-19
2863,-19
2864,-24
2865,-23
2866,-33
2867,-39
2868,-24
2869,-19
2870,-14
2871,-11
2872,-16
2873,-19
2874,-20
2875,-28
2876,-31
2877,-35
2878,-17
2879,-4
2880,1
2881,-2
2882,0
2883,-13
2884,-29
2885,-39
2886,-30
2887,-21
2888,-11
2889,4
2890,9
2891,6
2892,7
2893,0
2894,-2
2895,-5
2896,-8
2897,-11
2898,1
2899,16
2900,12
2901,10
2902,11
2903,0
2904,-8
2905,0
2906,0
2907,6
2908,11
2909,21
2910,23
2911,21
2912,26
2913,14
2914,-7
2915,-13
2916,-6
2917,6
2918,3
2919,5
2920,9
2921,6
2922,4
2923,-4
2924,-13
2925,-12
2926,-19
2927,-22
2928,-12
2929,-14
2930,-13
2931,-12
2932,-5
2933,-18
2934,-29
2935,-39
2936,-40
2937,-40
2938,-22
2939,-12
2940,-16
2941,-21
2942,-20
2943,-30
2944,-46
2945,-55
2946,-50
2947,-44
2948,-25
2949,-25
2950,-22
2951,-19
2952,-14
2953,-35
2954,-51
2955,-48
2956,-48
2957,-42
2958,-31
2959,-19
2960,-14
2961,-19
2962,-31
2963,-51
2964,-55
2965,-53
2966,-50
2967,-44
2968,-26
2969,-29
2970,-23
2971,-20
2972,-26
2973,-39
2974,-44
2975,-42
2976,-41
2977,-41
2978,-37
2979,-25
2980,-19
2981,-33
2982,-30
2983,-38
2984,-51
2985,-52
2986,-41
2987,-36
2988,-23
2989,-18
2990,-12
2991,-23
2992,-24
2993,-29
2994,-50
2995,-57
2996,-52
2997,-38
2998,-20
2999,-13
3000,-19
3001,-32
3002,-30
3003,-35
3004,-42
3005,-43
3006,-47
3007,-30
3008,-16
3009,-7
3010,-1
3011,-20
3012,-18
3013,-44
3014,-50
3015,-39
3016,-29
3017,-31
3018,-29
3019,-21
3020,-16
3021,-17
3022,-26
3023,-38
3024,-34
3025,-52
3026,-46
3027,-39
3028,-27
3029,-11
3030,-17
3031,-20
3032,-32
3033,-49
3034,-53
3035,-43
3036,-42
3037,-32
3038,-19
3039,-14
3040,-20
3041,-18
3042,-37
3043,-43
3044,-39
3045,-36
3046,-31
3047,-38
3048,-21
3049,-13
3050,-10
3051,-20
3052,-33
3053,-51
3054,-46
3055,-40
3056,-45
3057,-39
3058,-23
3059,-12
3060,-16
3061,-23
3062,-36
3063,-50
3064,-53
3065,-59
3066,-52
3067,-39
3068,-28
3069,-20
3070,-21
3071,-17
3072,-29
3073,-39
3074,-49
3075,-50
3076,-41
3077,-33
3078,-31
3079,-19
3080,-15
3081,-23
3082,-25
3083,-43
3084,-60
3085,-49
3086,-35
3087,-22
3088,-19
3089,-27
3090,-18
3091,-22
3092,-25
3093,-51
3094,-49
3095,-43
3096,-34
3097,-31
3098,-27
3099,-27
3100,-27
3101,-25
3102,-39
3103,-47
3104,-45
3105,-51
3106,-32
3107,-25
3108,-18
3109,-12
3110,-22
3111,-30
3112,-28
3113,-37
3114,-55
3115,-47
3116,-37
3117,-32
3118,-15
3119,-12
3120,-17
3121,-20
3122,-33
3123,-44
3124,-55
3125,-54
3126,-44
3127,-24
3128,-22
3129,-14
3130,-15
3131,-21
3132,-28
3133,-40
3134,-39
3135,-33
3136,-25
3137,-17
3138,-12
3139,-4
3140,-8
3141,-15
3142,-38
3143,-51
3144,-45
3145,-37
3146,-27
3147,-11
3148,-9
3149,-8
3150,-6
3151,-19
3152,-36
3153,-50
3154,-56
3155,-46
3156,-38
3157,-26
3158,-18
3159,-13
3160,-23
3161,-28
3162,-31
3163,-41
3164,-50
3165,-47
3166,-46
3167,-29
3168,-23
3169,-24
3170,-27
3171,-39
3172,-51
3173,-55
3174,-53
3175,-43
3176,-42
3177,-25
3178,-14
3179,-16
3180,-28
3181,-29
3182,-42
3183,-38
3184,-49
3185,-48
3186,-39
3187,-30
3188,-25
3189,-31
3190,-31
3191,-39
3192,-42
3193,-33
3194,-19
3195,-4
3196,19
3197,42
3198,65
3199,74
3200,61
3201,46
3202,19
3203,-15
3204,-16
3205,-11
3206,-22
3207,-35
3208,-64
3209,-77
3210,-77
3211,-87
3212,-89
3213,-89
3214,-86
3215,-83
3216,-62
3217,-50
3218,-42
3219,-39
3220,-32
3221,-41
3222,-56
3223,-57
3224,-54
3225,-54
3226,-42
3227,-19
3228,-17
3229,-15
3230,-25
3231,-36
3232,-40
3233,-43
3234,-34
3235,-41
3236,-30
3237,-17
3238,-6
3239,-19
3240,-17
3241,-34
3242,-44
3243,-44
3244,-39
3245,-22
3246,-14
3247,-14
3248,-5
3249,-5
3250,-7
3251,-28
3252,-31
3253,-26
3254,-49
3255,-45
3256,-21
3257,-15
3258,-10
3259,-18
3260,-15
3261,-27
3262,-39
3263,-38
3264,-39
3265,-31
3266,-18
3267,-1
3268,-2
3269,2
3270,5
3271,1
3272,-20
3273,-44
3274,-51
3275,-39
3276,-19
3277,-12
3278,-10
3279,-13
3280,-5
3281,-26
3282,-39
3283,-28
3284,-24
3285,-25
3286,-17
3287,-3
3288,10
3289,11
3290,-2
3291,-31
3292,-38
3293,-29
3294,-13
3295,-10
3296,-11
3297,-3
3298,8
3299,3
3300,-5
3301,-11
3302,-15
3303,-6
3304,-11
3305,2
3306,13
3307,16
3308,19
3309,10
3310,9
3311,11
3312,1
3313,-3
3314,3
3315,23
3316,28
3317,31
3318,28
3319,28
3320,12
3321,6
3322,1
3323,5
3324,2
3325,6
3326,32
3327,38
3328,25
3329,18
3330,9
3331,-6
3332,-15
3333,-13
3334,-6
3335,-2
3336,-1
3337,7
3338,7
3339,4
3340,-14
3341,-30
3342,-43
3343,-34
3344,-25
3345,-15
3346,-11
3347,-8
3348,-14
3349,-18
3350,-25
3351,-35
3352,-39
3353,-44
3354,-33
3355,-28
3356,-25
3357,-15
3358,-11
3359,-17
3360,-23
3361,-36
3362,-42
3363,-36
3364,-33
3365,-28
3366,-19
3367,-10
3368,-7
3369,-8
3370,-20
3371,-45
3372,-53
3373,-52
3374,-47
3375,-27
3376,-29
3377,-18
3378,-20
3379,-24
3380,-42
3381,-52
3382,-48
3383,-43
3384,-37
3385,-25
3386,-16
3387,-13
3388,-15
3389,-21
3390,-34
3391,-46
3392,-49
3393,-39
3394,-30
3395,-20
3396,-8
3397,7
3398,-9
3399,-19
3400,-35
3401,-32
3402,-43
3403,-38
3404,-40
3405,-18
3406,-17
3407,-3
3408,-1
3409,-17
3410,-39
3411,-50
3412,-54
3413,-38
3414,-42
3415,-26
3416,-11
3417,-13
3418,-15
3419,-17
3420,-24
3421,-36
3422,-40
3423,-31
3424,-33
3425,-11
3426,-3
3427,4
3428,-14
3429,-27
3430,-32
3431,-27
3432,-33
3433,-27
3434,-30
3435,-23
3436,-7
3437,-3
3438,-15
3439,-29
3440,-27
3441,-34
3442,-31
3443,-52
3444,-30
3445,-13
3446,-11
3447,-7
3448,-15
3449,-25
3450,-40
3451,-43
3452,-32
3453,-29
3454,-22
3455,-8
3456,-11
3457,-11
3458,-19
3459,-27
3460,-36
3461,-37
3462,-42
3463,-28
3464,-25
3465,-18
3466,-11
3467,-8
3468,-5
3469,-16
3470,-38
3471,-47
3472,-48
3473,-35
3474,-31
3475,-20
3476,-19
3477,-15
3478,-19
3479,-27
3480,-35
3481,-51
3482,-42
3483,-32
3484,-21
3485,-24
3486,-19
3487,-14
3488,-29
3489,-29
3490,-30
3491,-51
3492,-46
3493,-43
3494,-26
3495,-15
3496,-13
3497,-16
3498,-20
3499,-27
3500,-33
3501,-35
3502,-41
3503,-38
3504,-28
3505,-21
3506,-8
3507,-10
3508,-20
3509,-34
3510,-41
3511,-39
3512,-37
3513,-37
3514,-31
3515,-18
3516,-18
3517,-20
3518,-23
3519,-32
3520,-39
3521,-43
3522,-47
3523,-36
3524,-20
3525,-9
3526,3
3527,-12
3528,-27
3529,-44
3530,-41
3531,-42
3532,-40
3533,-34
3534,-14
3535,-14
3536,-7
3537,-1
3538,-13
3539,-21
3540,-33
3541,-32
3542,-38
3543,-25
3544,-14
3545,-18
3546,-8
3547,-6
3548,-18
3549,-31
3550,-36
3551,-36
3552,-27
3553,-24
3554,-14
3555,-11
3556,-8
3557,-6
3558,-9
3559,-23
3560,-39
3561,-40
3562,-38
3563,-29
3564,-19
3565,-16
3566,-16
3567,-18
3568,-20
3569,-34
3570,-47
3571,-43
3572,-40
3573,-29
3574,-12
3575,-11
3576,-15
3577,-23
3578,-19
3579,-47
3580,-47
3581,-43
3582,-47
3583,-35
3584,-18
3585,-19
3586,-19
3587,-21
3588,-30
3589,-46
3590,-47
3591,-44
3592,-49
3593,-37
3594,-29
3595,-32
3596,-29
3597,-27
3598,-40
3599,-49
3600,-47
3601,-38
3602,-12
3603,14
3604,46
3605,56
3606,60
3607,68
3608,69
3609,53
3610,23
3611,-3
3612,-5
3613,-3
3614,-4
3615,-16
3616,-38
3617,-61
3618,-81
3619,-84
3620,-88
3621,-87
3622,-80
3623,-61
3624,-52
3625,-41
3626,-41
3627,-50
3628,-50
3629,-54
3630,-59
3631,-46
3632,-36
3633,-28
3634,-14
3635,-5
3636,-20
3637,-7
3638,-33
3639,-44
3640,-44
3641,-47
3642,-31
3643,-29
3644,-14
3645,-18
3646,-16
3647,-24
3648,-32
3649,-39
3650,-35
3651,-30
3652,-37
3653,-18
3654,-13
3655,-10
3656,-8
3657,-19
3658,-24
3659,-40
3660,-30
3661,-26
3662,-25
3663,-22
3664,-3
3665,8
3666,-12
3667,-15
3668,-19
3669,-42
3670,-43
3671,-32
3672,-32
3673,-15
3674,-14
3675,-3
3676,-5
3677,-10
3678,-12
3679,-32
3680,-50
3681,-35
3682,-32
3683,-11
3684,-2
3685,1
3686,-10
3687,-14
3688,-25
3689,-29
3690,-17
3691,-27
3692,-19
3693,5
3694,3
3695,8
3696,-10
3697,-6
3698,-18
3699,-21
3700,-20
3701,-19
3702,-16
3703,-5
3704,2
3705,4
3706,8
3707,4
3708,-13
3709,-17
3710,-14
3711,-10
3712,-5
3713,4
3714,19
3715,23
3716,17
3717,11
3718,0
3719,-8
3720,-15
3721,6
3722,5
3723,19
3724,31
3725,39
3726,29
3727,10
3728,3
3729,9
3730,1
3731,9
3732,21
3733,20
3734,20
3735,27
3736,25
3737,15
3738,-3
3739,-13
3740,-20
3741,-22
3742,3
3743,3
3744,5
3745,3
3746,1
3747,-8
3748,-19
3749,-26
3750,-29
3751,-20
3752,-17
3753,-13
3754,-11
3755,-17
3756,-16
3757,-30
3758,-34
3759,-40
3760,-37
3761,-42
3762,-28
3763,-14
3764,-4
3765,-12
3766,-33
3767,-39
3768,-41
3769,-43
3770,-52
3771,-51
3772,-38
3773,-18
3774,-15
3775,-25
3776,-30
3777,-46
3778,-45
3779,-44
3780,-48
3781,-49
3782,-35
3783,-24
3784,-15
3785,-18
3786,-26
3787,-36
3788,-47
3789,-50
3790,-50
3791,-41
3792,-23
3793,-11
3794,-4
3795,-21
3796,-26
3797,-43
3798,-57
3799,-50
3800,-53
3801,-49
3802,-38
3803,-23
3804,-20
3805,-21
3806,-25
3807,-39
3808,-45
3809,-44
3810,-40
3811,-36
3812,-38
3813,-25
3814,-11
3815,-15
3816,-18
3817,-36
3818,-48
3819,-45
3820,-34
3821,-36
3822,-28
3823,-17
3824,-18
3825,-19
3826,-27
3827,-39
3828,-50
3829,-52
3830,-50
3831,-40
3832,-25
3833,-23
3834,-20
3835,-16
3836,-30
3837,-38
3838,-41
3839,-48
3840,-47
3841,-33
3842,-21
3843,-21
3844,-12
3845,-12
3846,-23
3847,-32
3848,-39
3849,-42
3850,-37
3851,-33
3852,-21
3853,-17
3854,-18
3855,-26
3856,-30
3857,-45
3858,-50
3859,-51
3860,-46
3861,-38
3862,-24
3863,-24
3864,-15
3865,-21
3866,-30
3867,-44
3868,-52
3869,-49
3870,-38
3871,-37
3872,-32
3873,-15
3874,-22
3875,-23
3876,-31
3877,-46
3878,-56
3879,-45
3880,-42
3881,-29
3882,-21
3883,-21
3884,-17
3885,-25
3886,-33
3887,-32
3888,-37
3889,-41
3890,-38
3891,-37
3892,-33
3893,-20
3894,-19
3895,-26
3896,-37
3897,-49
3898,-51
3899,-49
3900,-48
3901,-23
3902,-22
3903,-23
3904,-28
3905,-24
3906,-34
3907,-44
3908,-53
3909,-51
3910,-37
3911,-33
3912,-29
3913,-15
3914,-19
3915,-29
3916,-40
3917,-47
3918,-51
3919,-50
3920,-36
3921,-35
3922,-18
3923,-24
3924,-27
3925,-23
3926,-35
3927,-38
3928,-46
3929,-52
3930,-58
3931,-44
3932,-33
3933,-24
3934,-29
3935,-28
3936,-39
3937,-47
3938,-34
3939,-61
3940,-49
3941,-29
3942,-22
3943,-16
3944,-25
3945,-23
3946,-27
3947,-38
3948,-54
3949,-50
3950,-39
3951,-23
3952,-12
3953,-19
3954,-28
3955,-34
3956,-40
3957,-50
3958,-42
3959,-41
3960,-39
3961,-19
3962,-12
3963,-15
3964,-21
3965,-20
3966,-36
3967,-49
3968,-47
3969,-35
3970,-32
3971,-16
3972,-21
3973,-26
3974,-25
3975,-27
3976,-41
3977,-55
3978,-55
3979,-47
3980,-46
3981,-29
3982,-17
3983,-22
3984,-30
3985,-45
3986,-41
3987,-51
3988,-55
3989,-55
3990,-45
3991,-34
3992,-34
3993,-38
3994,-37
3995,-40
3996,-47
3997,-56
3998,-56
3999,-50
4000,-42
4001,-30
4002,-31
4003,-23
4004,-33
4005,-42
4006,-52
4007,-67
4008,-54
4009,-59
4010,-45
4011,-32
4012,-29
4013,-17
4014,-9
4015,-2
4016,-3
4017,3
4018,14
4019,32
4020,54
4021,60
4022,65
4023,44
4024,12
4025,-17
4026,-37
4027,-55
4028,-74
4029,-85
4030,-95
4031,-82
4032,-71
4033,-64
4034,-63
4035,-71
4036,-81
4037,-77
4038,-77
4039,-69
4040,-62
4041,-49
4042,-40
4043,-39
4044,-31
4045,-39
4046,-60
4047,-59
4048,-64
4049,-53
4050,-38
4051,-26
4052,-18
4053,-18
4054,-32
4055,-37
4056,-43
4057,-52
4058,-55
4059,-51
4060,-25
4061,-29
4062,-21
4063,-24
4064,-23
4065,-24
4066,-52
4067,-58
4068,-52
4069,-48
4070,-37
4071,-24
4072,-22
4073,-22
4074,-24
4075,-35
4076,-36
4077,-33
4078,-44
4079,-38
4080,-24
4081,-29
4082,-21
4083,-24
4084,-25
4085,-44
4086,-46
4087,-41
4088,-52
4089,-51
4090,-23
4091,-18
4092,-18
4093,-14
4094,-11
4095,-35
4096,-42
4097,-36
4098,-43
4099,-38
4100,-29
4101,-26
4102,-14
4103,-11
4104,-23
4105,-32
4106,-28
4107,-28
4108,-34
4109,-34
4110,-24
4111,-11
4112,-6
4113,-9
4114,-12
4115,-22
4116,-32
4117,-22
4118,-7
4119,-5
4120,-6
4121,-5
4122,5
4123,-3
4124,-8
4125,-15
4126,-22
4127,-20
4128,-18
4129,-10
4130,4
4131,11
4132,13
4133,12
4134,2
4135,-4
4136,-8
4137,-9
4138,-9
4139,6
4140,20
4141,12
4142,16
4143,17
4144,14
4145,-9
4146,-18
4147,-16
4148,-16
4149,-2
4150,7
4151,21
4152,12
4153,-7
4154,-8
4155,-13
4156,-27
4157,-25
4158,-26
4159,-19
4160,-10
4161,-18
4162,-20
4163,-19
4164,-28
4165,-35
4166,-36
4167,-48
4168,-45
4169,-33
4170,-31
4171,-22
4172,-30
4173,-35
4174,-42
4175,-51
4176,-61
4177,-58
4178,-47
4179,-50
4180,-31
4181,-27
4182,-26
4183,-22
4184,-31
4185,-50
4186,-55
4187,-68
4188,-64
4189,-53
4190,-40
4191,-31
4192,-28
4193,-31
4194,-43
4195,-61
4196,-64
4197,-54
4198,-53
4199,-43
4200,-26
4201,-30
4202,-39
4203,-39
4204,-46
4205,-55
4206,-71
4207,-64
4208,-64
4209,-44
4210,-42
4211,-37
4212,-27
4213,-32
4214,-33
4215,-52
4216,-60
4217,-53
4218,-57
4219,-37
4220,-23
4221,-34
4222,-31
4223,-44
4224,-54
4225,-64
4226,-59
4227,-63
4228,-52
4229,-40
4230,-31
4231,-24
4232,-33
4233,-38
4234,-49
4235,-56
4236,-61
4237,-60
4238,-57
4239,-37
4240,-29
4241,-25
4242,-39
4243,-37
4244,-47
4245,-53
4246,-58
4247,-55
4248,-36
4249,-34
4250,-31
4251,-27
4252,-29
4253,-35
4254,-49
4255,-53
4256,-54
4257,-62
4258,-52
4259,-39
4260,-39
4261,-35
4262,-40
4263,-40
4264,-52
4265,-59
4266,-53
4267,-63
4268,-43
4269,-38
4270,-36
4271,-28
4272,-29
4273,-38
4274,-56
4275,-67
4276,-63
4277,-57
4278,-50
4279,-37
4280,-29
4281,-35
4282,-29
4283,-33
4284,-50
4285,-69
4286,-65
4287,-62
4288,-53
4289,-37
4290,-30
4291,-27
4292,-37
4293,-41
4294,-61
4295,-70
4296,-61
4297,-64
4298,-62
4299,-41
4300,-34
4301,-37
4302,-46
4303,-52
4304,-61
4305,-67
4306,-66
4307,-60
4308,-55
4309,-39
4310,-37
4311,-37
4312,-35
4313,-57
4314,-60
4315,-57
4316,-63
4317,-57
4318,-51
4319,-38
4320,-40
4321,-36
4322,-44
4323,-47
4324,-63
4325,-69
4326,-65
4327,-63
4328,-46
4329,-40
4330,-32
4331,-39
4332,-46
4333,-49
4334,-62
4335,-76
4336,-82
4337,-62
4338,-57
4339,-40
4340,-34
4341,-44
4342,-51
4343,-62
4344,-63
4345,-66
4346,-67
4347,-66
4348,-62
4349,-48
4350,-42
4351,-41
4352,-52
4353,-62
4354,-68
4355,-73
4356,-70
4357,-67
4358,-50
4359,-46
4360,-34
4361,-37
4362,-41
4363,-50
4364,-62
4365,-69
4366,-69
4367,-64
4368,-49
4369,-39
4370,-40
4371,-35
4372,-46
4373,-54
4374,-58
4375,-61
4376,-62
4377,-56
4378,-46
4379,-44
4380,-42
4381,-39
4382,-44
4383,-57
4384,-65
4385,-68
4386,-65
4387,-53
4388,-41
4389,-35
4390,-33
4391,-38
4392,-49
4393,-54
4394,-62
4395,-55
4396,-64
4397,-54
4398,-42
4399,-35
4400,-33
4401,-39
4402,-42
4403,-56
4404,-63
4405,-73
4406,-71
4407,-64
4408,-43
4409,-42
4410,-48
4411,-46
4412,-51
4413,-71
4414,-71
4415,-68
4416,-65
4417,-59
4418,-46
4419,-46
4420,-36
4421,-38
4422,-34
4423,-46
4424,-71
4425,-78
4426,-82
4427,-64
4428,-46
4429,-41
4430,-45
4431,-48
4432,-57
4433,-66
4434,-75
4435,-77
4436,-69
4437,-67
4438,-54
4439,-48
4440,-50
4441,-50
4442,-62
4443,-78
4444,-83
4445,-78
4446,-61
4447,-47
4448,-35
4449,-34
4450,-28
4451,-5
4452,-2
4453,-12
4454,13
4455,19
4456,20
4457,26
4458,18
4459,-2
4460,-19
4461,-26
4462,-54
4463,-84
4464,-105
4465,-119
4466,-114
4467,-106
4468,-82
4469,-81
4470,-73
4471,-79
4472,-82
4473,-91
4474,-86
4475,-89
4476,-73
4477,-62
4478,-55
4479,-50
4480,-49
4481,-45
4482,-52
4483,-66
4484,-71
4485,-66
4486,-63
4487,-57
4488,-46
4489,-40
4490,-36
4491,-47
4492,-55
4493,-61
4494,-70
4495,-67
4496,-65
4497,-64
4498,-43
4499,-32
4500,-35
4501,-45
4502,-64
4503,-64
4504,-65
4505,-73
4506,-70
4507,-45
4508,-35
4509,-39
4510,-51
4511,-46
4512,-50
4513,-57
4514,-64
4515,-61
4516,-47
4517,-53
4518,-44
4519,-35
4520,-41
4521,-46
4522,-54
4523,-67
4524,-71
4525,-66
4526,-52
4527,-42
4528,-28
4529,-30
4530,-46
4531,-43
4532,-51
4533,-65
4534,-67
4535,-53
4536,-59
4537,-44
4538,-31
4539,-30
4540,-41
4541,-37
4542,-52
4543,-66
4544,-64
4545,-63
4546,-55
4547,-34
4548,-19
4549,-24
4550,-24
4551,-16
4552,-32
4553,-45
4554,-48
4555,-40
4556,-25
4557,-18
4558,-11
4559,-8
4560,-16
4561,-22
4562,-50
4563,-34
4564,-41
4565,-46
4566,-27
4567,-25
4568,-7
4569,-8
4570,6
4571,-10
4572,-24
4573,-29
4574,-30
4575,-42
4576,-27
4577,-22
4578,-10
4579,-7
4580,-9
4581,-17
4582,-27
4583,-27
4584,-32
4585,-33
4586,-25
4587,-20
4588,-16
4589,-14
4590,-20
4591,-40
4592,-48
4593,-57
4594,-59
4595,-52
4596,-33
4597,-24
4598,-28
4599,-49
4600,-48
4601,-62
4602,-74
4603,-74
4604,-77
4605,-65
4606,-67
4607,-44
4608,-42
4609,-41
4610,-49
4611,-55
4612,-64
4613,-67
4614,-66
4615,-75
4616,-69
4617,-61
4618,-54
4619,-55
4620,-59
4621,-62
4622,-76
4623,-74
4624,-83
4625,-76
4626,-62
4627,-54
4628,-42
4629,-47
4630,-57
4631,-62
4632,-81
4633,-76
4634,-71
4635,-55
4636,-49
4637,-58
4638,-60
4639,-59
4640,-60
4641,-63
4642,-80
4643,-86
4644,-80
4645,-70
4646,-60
4647,-51
4648,-47
4649,-47
4650,-64
4651,-73
4652,-78
4653,-88
4654,-80
4655,-72
4656,-49
4657,-50
4658,-32
4659,-43
4660,-53
4661,-75
4662,-79
4663,-88
4664,-88
4665,-78
4666,-57
4667,-57
4668,-50
4669,-63
4670,-63
4671,-63
4672,-63
4673,-69
4674,-71
4675,-66
4676,-58
4677,-52
4678,-44
4679,-48
4680,-58
4681,-67
4682,-78
4683,-73
4684,-76
4685,-69
4686,-56
4687,-51
4688,-47
4689,-52
4690,-56
4691,-70
4692,-72
4693,-66
4694,-68
4695,-63
4696,-56
4697,-46
4698,-51
4699,-56
4700,-60
4701,-76
4702,-73
4703,-73
4704,-71
4705,-75
4706,-61
4707,-46
4708,-49
4709,-53
4710,-54
4711,-77
4712,-80
4713,-77
4714,-75
4715,-65
4716,-52
4717,-51
4718,-47
4719,-48
4720,-59
4721,-72
4722,-82
4723,-91
4724,-88
4725,-80
4726,-56
4727,-57
4728,-66
4729,-62
4730,-67
4731,-70
4732,-80
4733,-80
4734,-79
4735,-69
4736,-54
4737,-52
4738,-46
4739,-56
4740,-61
4741,-81
4742,-94
4743,-83
4744,-81
4745,-68
4746,-63
4747,-57
4748,-59
4749,-66
4750,-64
4751,-77
4752,-86
4753,-82
4754,-79
4755,-76
4756,-65
4757,-60
4758,-55
4759,-64
4760,-61
4761,-82
4762,-87
4763,-91
4764,-85
4765,-72
4766,-58
4767,-57
4768,-58
4769,-59
4770,-63
4771,-84
4772,-88
4773,-90
4774,-82
4775,-64
4776,-65
4777,-55
4778,-62
4779,-68
4780,-73
4781,-93
4782,-88
4783,-84
4784,-73
4785,-74
4786,-61
4787,-53
4788,-56
4789,-54
4790,-62
4791,-74
4792,-80
4793,-104
4794,-99
4795,-75
4796,-65
4797,-53
4798,-66
4799,-76
4800,-80
4801,-93
4802,-79
4803,-90
4804,-69
4805,-57
4806,-56
4807,-61
4808,-66
4809,-69
4810,-80
4811,-87
4812,-86
4813,-82
4814,-73
4815,-65
4816,-51
4817,-55
4818,-63
4819,-56
4820,-71
4821,-82
4822,-80
4823,-74
4824,-71
4825,-62
4826,-58
4827,-48
4828,-58
4829,-65
4830,-74
4831,-82
4832,-70
4833,-77
4834,-73
4835,-57
4836,-54
4837,-59
4838,-71
4839,-85
4840,-94
4841,-98
4842,-96
4843,-92
4844,-70
4845,-53
4846,-44
4847,-50
4848,-54
4849,-63
4850,-79
4851,-84
4852,-88
4853,-83
4854,-80
4855,-60
4856,-45
4857,-36
4858,-55
4859,-63
4860,-72
4861,-77
4862,-77
4863,-76
4864,-82
4865,-69
4866,-50
4867,-53
4868,-59
4869,-59
4870,-77
4871,-93
4872,-98
4873,-81
4874,-84
4875,-72
4876,-67
4877,-61
4878,-56
4879,-79
4880,-85
4881,-88
4882,-103
4883,-86
4884,-84
4885,-77
4886,-67
4887,-56
4888,-43
4889,-31
4890,-33
4891,-19
4892,-8
4893,15
4894,28
4895,38
4896,15
4897,-12
4898,-33
4899,-43
4900,-61
4901,-81
4902,-103
4903,-129
4904,-125
4905,-108
4906,-95
4907,-106
4908,-97
4909,-102
4910,-123
4911,-119
4912,-111
4913,-106
4914,-80
4915,-73
4916,-70
4917,-71
4918,-74
4919,-79
4920,-91
4921,-89
4922,-96
4923,-81
4924,-69
4925,-61
4926,-52
4927,-53
4928,-55
4929,-70
4930,-78
4931,-79
4932,-73
4933,-89
4934,-76
4935,-55
4936,-47
4937,-46
4938,-56
4939,-69
4940,-80
4941,-76
4942,-78
4943,-69
4944,-57
4945,-50
4946,-45
4947,-51
4948,-58
4949,-67
4950,-69
4951,-77
4952,-73
4953,-76
4954,-60
4955,-56
4956,-46
4957,-45
4958,-51
4959,-62
4960,-79
4961,-79
4962,-72
4963,-63
4964,-50
4965,-51
4966,-41
4967,-42
4968,-45
4969,-70
4970,-70
4971,-77
4972,-77
4973,-74
4974,-50
4975,-36
4976,-37
4977,-43
4978,-41
4979,-58
4980,-60
4981,-73
4982,-65
4983,-54
4984,-49
4985,-38
4986,-28
4987,-32
4988,-43
4989,-53
4990,-59
4991,-60
4992,-55
4993,-39
4994,-24
4995,-34
4996,-30
4997,-29
4998,-37
4999,-47
5000,-48
5001,-43
5002,-42
5003,-47
5004,-24
5005,-17
5006,-18
5007,-19
5008,-19
5009,-35
5010,-31
5011,-33
5012,-30
5013,-20
5014,-12
5015,-4
5016,-6
5017,-5
5018,-16
5019,-33
5020,-37
5021,-40
5022,-33
5023,-26
5024,-25
5025,-14
5026,-14
5027,-19
5028,-31
5029,-41
5030,-55
5031,-54
5032,-45
5033,-48
5034,-34
5035,-45
5036,-41
5037,-40
5038,-54
5039,-65
5040,-70
5041,-75
5042,-63
5043,-60
5044,-51
5045,-46
5046,-52
5047,-57
5048,-68
5049,-78
5050,-84
5051,-83
5052,-80
5053,-68
5054,-57
5055,-55
5056,-57
5057,-62
5058,-67
5059,-83
5060,-85
5061,-83
5062,-77
5063,-70
5064,-56
5065,-53
5066,-52
5067,-65
5068,-72
5069,-76
5070,-90
5071,-89
5072,-82
5073,-77
5074,-60
5075,-59
5076,-61
5077,-62
5078,-75
5079,-87
5080,-86
5081,-94
5082,-84
5083,-58
5084,-59
5085,-61
5086,-66
5087,-66
5088,-79
5089,-90
5090,-84
5091,-91
5092,-100
5093,-80
5094,-67
5095,-54
5096,-60
5097,-71
5098,-74
5099,-83
5100,-88
5101,-85
5102,-75
5103,-69
5104,-63
5105,-58
5106,-57
5107,-60
5108,-65
5109,-84
5110,-85
5111,-77
5112,-74
5113,-52
5114,-49
5115,-49
5116,-52
5117,-60
5118,-74
5119,-84
5120,-84
5121,-80
5122,-69
5123,-65
5124,-57
5125,-55
5126,-46
5127,-55
5128,-79
5129,-82
5130,-82
5131,-83
5132,-79
5133,-68
5134,-59
5135,-63
5136,-69
5137,-70
5138,-75
5139,-82
5140,-86
5141,-85
5142,-77
5143,-63
5144,-65
5145,-58
5146,-61
5147,-61
5148,-70
5149,-77
5150,-76
5151,-69
5152,-66
5153,-66
5154,-53
5155,-55
5156,-52
5157,-54
5158,-74
5159,-89
5160,-83
5161,-66
5162,-69
5163,-52
5164,-41
5165,-60
5166,-69
5167,-66
5168,-95
5169,-94
5170,-97
5171,-87
5172,-77
5173,-65
5174,-64
5175,-65
5176,-71
5177,-71
5178,-73
5179,-80
5180,-90
5181,-86
5182,-78
5183,-72
5184,-56
5185,-60
5186,-67
5187,-70
5188,-84
5189,-93
5190,-88
5191,-80
5192,-73
5193,-68
5194,-58
5195,-54
5196,-64
5197,-70
5198,-74
5199,-89
5200,-92
5201,-84
5202,-72
5203,-59
5204,-62
5205,-56
5206,-65
5207,-79
5208,-86
5209,-87
5210,-83
5211,-74
5212,-76
5213,-65
5214,-64
5215,-56
5216,-57
5217,-68
5218,-86
5219,-87
5220,-84
5221,-82
5222,-72
5223,-57
5224,-49
5225,-60
5226,-66
5227,-76
5228,-82
5229,-85
5230,-88
5231,-81
5232,-66
5233,-59
5234,-57
5235,-62
5236,-59
5237,-76
5238,-79
5239,-86
5240,-87
5241,-81
5242,-62
5243,-58
5244,-45
5245,-56
5246,-68
5247,-68
5248,-68
5249,-83
5250,-82
5251,-70
5252,-59
5253,-52
5254,-50
5255,-55
5256,-64
5257,-73
5258,-78
5259,-82
5260,-74
5261,-68
5262,-60
5263,-52
5264,-48
5265,-54
5266,-64
5267,-72
5268,-73
5269,-80
5270,-89
5271,-92
5272,-66
5273,-58
5274,-71
5275,-58
5276,-65
5277,-75
5278,-86
5279,-85
5280,-88
5281,-89
5282,-65
5283,-63
5284,-62
5285,-61
5286,-71
5287,-91
5288,-88
5289,-87
5290,-85
5291,-79
5292,-62
5293,-60
5294,-56
5295,-65
5296,-73
5297,-85
5298,-91
5299,-96
5300,-87
5301,-76
5302,-72
5303,-70
5304,-76
5305,-64
5306,-76
5307,-91
5308,-97
5309,-91
5310,-71
5311,-47
5312,-26
5313,-12
5314,0
5315,21
5316,13
5317,4
5318,-14
5319,-16
5320,-36
5321,-42
5322,-41
5323,-42
5324,-57
5325,-75
5326,-106
5327,-127
5328,-122
5329,-134
5330,-120
5331,-112
5332,-100
5333,-100
5334,-91
5335,-85
5336,-96
5337,-98
5338,-103
5339,-105
5340,-94
5341,-79
5342,-67
5343,-63
5344,-58
5345,-68
5346,-77
5347,-82
5348,-88
5349,-91
5350,-75
5351,-73
5352,-42
5353,-53
5354,-45
5355,-58
5356,-78
5357,-80
5358,-92
5359,-93
5360,-83
5361,-65
5362,-63
5363,-53
5364,-49
5365,-56
5366,-66
5367,-70
5368,-77
5369,-82
5370,-75
5371,-54
5372,-50
5373,-49
5374,-64
5375,-53
5376,-65
5377,-70
5378,-77
5379,-76
5380,-73
5381,-60
5382,-41
5383,-46
5384,-53
5385,-51
5386,-66
5387,-71
5388,-77
5389,-73
5390,-59
5391,-54
5392,-30
5393,-27
5394,-48
5395,-47
5396,-63
5397,-67
5398,-86
5399,-76
5400,-64
5401,-51
5402,-37
5403,-34
5404,-42
5405,-50
5406,-59
5407,-63
5408,-61
5409,-58
5410,-52
5411,-43
5412,-26
5413,-30
5414,-31
5415,-32
5416,-50
5417,-51
5418,-48
5419,-52
5420,-41
5421,-25
5422,-17
5423,-7
5424,-14
5425,-35
5426,-39
5427,-45
5428,-44
5429,-33
5430,-34
5431,-11
5432,-10
5433,-4
5434,-3
5435,-17
5436,-32
5437,-40
5438,-33
5439,-30
5440,-29
5441,-20
5442,-11
5443,-12
5444,-15
5445,-25
5446,-37
5447,-50
5448,-46
5449,-44
5450,-33
5451,-34
5452,-22
5453,-30
5454,-28
5455,-40
5456,-47
5457,-59
5458,-62
5459,-60
5460,-58
5461,-37
5462,-39
5463,-43
5464,-50
5465,-63
5466,-74
5467,-80
5468,-84
5469,-78
5470,-65
5471,-54
5472,-55
5473,-54
5474,-54
5475,-65
5476,-74
5477,-76
5478,-77
5479,-79
5480,-69
5481,-49
5482,-46
5483,-58
5484,-61
5485,-73
5486,-80
5487,-80
5488,-92
5489,-83
5490,-71
5491,-57
5492,-55
5493,-67
5494,-58
5495,-70
5496,-78
5497,-84
5498,-83
5499,-86
5500,-73
5501,-56
5502,-51
5503,-49
5504,-62
5505,-85
5506,-87
5507,-89
5508,-89
5509,-81
5510,-62
5511,-62
5512,-59
5513,-52
5514,-64
5515,-72
5516,-78
5517,-85
5518,-84
5519,-74
5520,-61
5521,-60
5522,-51
5523,-53
5524,-56
5525,-74
5526,-75
5527,-81
5528,-79
5529,-79
5530,-65
5531,-57
5532,-51
5533,-54
5534,-54
5535,-72
5536,-77
5537,-73
5538,-71
5539,-74
5540,-61
5541,-56
5542,-45
5543,-42
5544,-62
5545,-75
5546,-78
5547,-76
5548,-88
5549,-71
5550,-52
5551,-54
5552,-61
5553,-58
5554,-62
5555,-75
5556,-83
5557,-84
5558,-82
5559,-75
5560,-55
5561,-53
5562,-45
5563,-52
5564,-59
5565,-71
5566,-81
5567,-75
5568,-72
5569,-65
5570,-56
5571,-46
5572,-55
5573,-63
5574,-52
5575,-76
5576,-72
5577,-76
5578,-67
5579,-62
5580,-49
5581,-51
5582,-55
5583,-55
5584,-66
5585,-82
5586,-83
5587,-78
5588,-69
5589,-65
5590,-64
5591,-55
5592,-49
5593,-58
5594,-59
5595,-75
5596,-81
5597,-86
5598,-76
5599,-73
5600,-58
5601,-53
5602,-47
5603,-50
5604,-60
5605,-53
5606,-85
5607,-86
5608,-75
5609,-64
5610,-61
5611,-54
5612,-59
5613,-58
5614,-69
5615,-78
5616,-81
5617,-87
5618,-76
5619,-59
5620,-55
5621,-51
5622,-56
5623,-51
5624,-63
5625,-79
5626,-85
5627,-79
5628,-71
5629,-70
5630,-62
5631,-52
5632,-51
5633,-55
5634,-59
5635,-71
5636,-77
5637,-73
5638,-64
5639,-64
5640,-61
5641,-54
5642,-56
5643,-54
5644,-69
5645,-79
5646,-80
5647,-82
5648,-73
5649,-62
5650,-47
5651,-44
5652,-46
5653,-50
5654,-62
5655,-69
5656,-80
5657,-77
5658,-70
5659,-61
5660,-47
5661,-51
5662,-50
5663,-52
5664,-66
5665,-72
5666,-72
5667,-75
5668,-67
5669,-56
5670,-50
5671,-52
5672,-56
5673,-65
5674,-73
5675,-75
5676,-86
5677,-81
5678,-77
5679,-69
5680,-57
5681,-48
5682,-59
5683,-61
5684,-77
5685,-84
5686,-88
5687,-81
5688,-85
5689,-62
5690,-62
5691,-56
5692,-52
5693,-63
5694,-78
5695,-91
5696,-85
5697,-84
5698,-81
5699,-69
5700,-69
5701,-68
5702,-64
5703,-63
5704,-72
5705,-61
5706,-40
5707,-23
5708,-14
5709,9
5710,34
5711,33
5712,23
5713,10
5714,-30
5715,-52
5716,-54
5717,-65
5718,-72
5719,-74
5720,-96
5721,-103
5722,-107
5723,-111
5724,-117
5725,-124
5726,-121
5727,-114
5728,-99
5729,-94
5730,-78
5731,-70
5732,-73
5733,-79
5734,-88
5735,-88
5736,-90
5737,-82
5738,-71
5739,-64
5740,-53
5741,-48
5742,-57
5743,-60
5744,-75
5745,-86
5746,-90
5747,-78
5748,-73
5749,-58
5750,-53
5751,-53
5752,-57
5753,-66
5754,-71
5755,-71
5756,-79
5757,-82
5758,-72
5759,-57
5760,-53
5761,-50
5762,-56
5763,-63
5764,-73
5765,-80
5766,-72
5767,-65
5768,-52
5769,-47
5770,-53
5771,-49
5772,-55
5773,-70
5774,-66
5775,-73
5776,-72
5777,-73
5778,-58
5779,-46
5780,-44
5781,-42
5782,-42
5783,-66
5784,-69
5785,-71
5786,-70
5787,-61
5788,-52
5789,-49
5790,-41
5791,-48
5792,-49
5793,-58
5794,-66
5795,-71
5796,-63
5797,-61
5798,-42
5799,-37
5800,-33
5801,-35
5802,-46
5803,-55
5804,-58
5805,-71
5806,-64
5807,-59
5808,-41
5809,-31
5810,-26
5811,-40
5812,-29
5813,-47
5814,-48
5815,-42
5816,-41
5817,-33
5818,-25
5819,-21
5820,-10
5821,-15
5822,-11
5823,-33
5824,-43
5825,-37
5826,-38
5827,-31
5828,-16
5829,-6
5830,-8
5831,-14
5832,-9
5833,-27
5834,-35
5835,-37
5836,-29
5837,-21
5838,-10
5839,-5
5840,-12
5841,-12
5842,-22
5843,-40
5844,-51
5845,-53
5846,-52
5847,-44
5848,-33
5849,-32
5850,-31
5851,-37
5852,-52
5853,-66
5854,-72
5855,-74
5856,-62
5857,-61
5858,-55
5859,-44
5860,-42
5861,-45
5862,-58
5863,-74
5864,-81
5865,-82
5866,-74
5867,-71
5868,-48
5869,-52
5870,-50
5871,-56
5872,-62
5873,-76
5874,-85
5875,-84
5876,-78
5877,-70
5878,-53
5879,-57
5880,-59
5881,-60
5882,-67
5883,-80
5884,-75
5885,-73
5886,-87
5887,-71
5888,-55
5889,-45
5890,-48
5891,-51
5892,-63
5893,-94
5894,-95
5895,-83
5896,-81
5897,-61
5898,-56
5899,-54
5900,-44
5901,-64
5902,-66
5903,-77
5904,-86
5905,-90
5906,-84
5907,-68
5908,-58
5909,-54
5910,-56
5911,-55
5912,-66
5913,-75
5914,-76
5915,-79
5916,-71
5917,-61
5918,-58
5919,-56
5920,-52
5921,-61
5922,-63
5923,-75
5924,-79
5925,-78
5926,-75
5927,-60
5928,-53
5929,-51
5930,-54
5931,-50
5932,-62
5933,-72
5934,-74
5935,-68
5936,-62
5937,-53
5938,-57
5939,-50
5940,-50
5941,-59
5942,-66
5943,-72
5944,-78
5945,-76
5946,-72
5947,-62
5948,-51
5949,-52
5950,-51
5951,-47
5952,-65
5953,-74
5954,-83
5955,-82
5956,-65
5957,-55
5958,-54
5959,-44
5960,-48
5961,-56
5962,-68
5963,-71
5964,-82
5965,-73
5966,-71
5967,-58
5968,-59
5969,-52
5970,-54
5971,-57
5972,-71
5973,-82
5974,-81
5975,-75
5976,-71
5977,-51
5978,-48
5979,-43
5980,-47
5981,-60
5982,-69
5983,-78
5984,-77
5985,-67
5986,-68
5987,-47
5988,-50
5989,-49
5990,-47
5991,-52
5992,-70
5993,-79
5994,-73
5995,-76
5996,-69
5997,-54
5998,-53
5999,-45
6000,-47
6001,-55
6002,-67
6003,-79
6004,-76
6005,-78
6006,-69
6007,-53
6008,-51
6009,-54
6010,-59
6011,-63
6012,-67
6013,-68
6014,-73
6015,-79
6016,-62
6017,-50
6018,-42
6019,-46
6020,-52
6021,-63
6022,-75
6023,-80
6024,-86
6025,-79
6026,-68
6027,-55
6028,-47
6029,-50
6030,-47
6031,-64
6032,-75
6033,-80
6034,-78
6035,-76
6036,-63
6037,-48
6038,-42
6039,-45
6040,-51
6041,-69
6042,-73
6043,-78
6044,-83
6045,-70
6046,-60
6047,-53
6048,-43
6049,-40
6050,-58
6051,-67
6052,-76
6053,-76
6054,-72
6055,-69
6056,-63
6057,-61
6058,-46
6059,-50
6060,-53
6061,-62
6062,-67
6063,-73
6064,-75
6065,-68
6066,-58
6067,-51
6068,-43
6069,-44
6070,-51
6071,-61
6072,-65
6073,-72
6074,-72
6075,-78
6076,-57
6077,-48
6078,-46
6079,-49
6080,-50
6081,-58
6082,-67
6083,-66
6084,-61
6085,-64
6086,-52
6087,-40
6088,-44
6089,-47
6090,-51
6091,-54
6092,-65
6093,-67
6094,-69
6095,-62
6096,-47
6097,-43
6098,-38
6099,-44
6100,-47
6101,-56
6102,-55
6103,-61
6104,-64
6105,-67
6106,-54
6107,-43
6108,-46
6109,-55
6110,-55
6111,-73
6112,-75
6113,-85
6114,-73
6115,-71
6116,-49
6117,-43
6118,-52
6119,-48
6120,-53
6121,-60
6122,-64
6123,-76
6124,-67
6125,-75
6126,-62
6127,-52
6128,-44
6129,-53
6130,-56
6131,-56
6132,-78
6133,-81
6134,-80
6135,-77
6136,-68
6137,-55
6138,-54
6139,-55
6140,-55
6141,-59
6142,-56
6143,-40
6144,-21
6145,7
6146,26
6147,45
6148,50
6149,40
6150,19
6151,-15
6152,-42
6153,-46
6154,-56
6155,-78
6156,-69
6157,-91
6158,-97
6159,-100
6160,-99
6161,-115
6162,-116
6163,-107
6164,-96
6165,-89
6166,-67
6167,-72
6168,-62
6169,-65
6170,-68
6171,-76
6172,-75
6173,-79
6174,-75
6175,-66
6176,-55
6177,-50
6178,-44
6179,-48
6180,-62
6181,-77
6182,-72
6183,-78
6184,-73
6185,-64
6186,-49
6187,-45
6188,-42
6189,-49
6190,-50
6191,-69
6192,-77
6193,-74
6194,-66
6195,-60
6196,-48
6197,-52
6198,-50
6199,-47
6200,-57
6201,-73
6202,-73
6203,-70
6204,-59
6205,-53
6206,-41
6207,-46
6208,-44
6209,-48
6210,-63
6211,-78
6212,-71
6213,-72
6214,-64
6215,-48
6216,-39
6217,-43
6218,-43
6219,-53
6220,-61
6221,-61
6222,-71
6223,-62
6224,-63
6225,-44
6226,-36
6227,-45
6228,-40
6229,-42
6230,-52
6231,-59
6232,-68
6233,-60
6234,-58
6235,-51
6236,-35
6237,-35
6238,-30
6239,-33
6240,-46
6241,-57
6242,-58
6243,-59
6244,-47
6245,-27
6246,-32
6247,-14
6248,-25
6249,-27
6250,-41
6251,-49
6252,-46
6253,-39
6254,-35
6255,-25
6256,-15
6257,-12
6258,-11
6259,-15
6260,-28
6261,-34
6262,-35
6263,-24
6264,-25
6265,-16
6266,-4
6267,-11
6268,5
6269,-11
6270,-29
6271,-27
6272,-40
6273,-30
6274,-28
6275,-15
6276,-11
6277,-8
6278,-14
6279,-17
6280,-28
6281,-40
6282,-41
6283,-42
6284,-43
6285,-28
6286,-26
6287,-22
6288,-30
6289,-42
6290,-58
6291,-56
6292,-59
6293,-58
6294,-52
6295,-41
6296,-32
6297,-39
6298,-44
6299,-50
6300,-60
6301,-67
6302,-73
6303,-67
6304,-54
6305,-52
6306,-45
6307,-44
6308,-56
6309,-56
6310,-70
6311,-70
6312,-67
6313,-67
6314,-70
6315,-53
6316,-48
6317,-48
6318,-51
6319,-61
6320,-73
6321,-74
6322,-71
6323,-73
6324,-59
6325,-46
6326,-49
6327,-42
6328,-42
6329,-61
6330,-68
6331,-65
6332,-68
6333,-77
6334,-60
6335,-51
6336,-45
6337,-43
6338,-52
6339,-60
6340,-75
6341,-70
6342,-63
6343,-65
6344,-50
6345,-46
6346,-44
6347,-54
6348,-54
6349,-62
6350,-77
6351,-75
6352,-74
6353,-68
6354,-60
6355,-46
6356,-45
6357,-40
6358,-44
6359,-55
6360,-66
6361,-79
6362,-71
6363,-69
6364,-53
6365,-45
6366,-35
6367,-40
6368,-51
6369,-60
6370,-68
6371,-62
6372,-72
6373,-61
6374,-53
6375,-50
6376,-49
6377,-45
6378,-50
6379,-66
6380,-68
6381,-68
6382,-76
6383,-64
6384,-52
6385,-43
6386,-41
6387,-47
6388,-56
6389,-59
6390,-67
6391,-64
6392,-63
6393,-67
6394,-56
6395,-44
6396,-39
6397,-41
6398,-40
6399,-61
6400,-64
6401,-69
6402,-68
6403,-65
6404,-49
6405,-45
6406,-39
6407,-50
6408,-49
6409,-65
6410,-66
6411,-74
6412,-74
6413,-65
6414,-45
6415,-38
6416,-44
6417,-50
6418,-53
6419,-68
6420,-72
6421,-78
6422,-71
6423,-69
6424,-49
6425,-47
6426,-44
6427,-45
6428,-58
6429,-57
6430,-69
6431,-71
6432,-67
6433,-64
6434,-50
6435,-39
6436,-41
6437,-50
6438,-45
6439,-64
6440,-76
6441,-76
6442,-73
6443,-68
6444,-49
6445,-38
6446,-32
6447,-42
6448,-55
6449,-63
6450,-66
6451,-62
6452,-52
6453,-58
6454,-61
6455,-51
6456,-45
6457,-45
6458,-50
6459,-66
6460,-75
6461,-72
6462,-72
6463,-58
6464,-43
6465,-44
6466,-42
6467,-46
6468,-55
6469,-66
6470,-73
6471,-65
6472,-70
6473,-61
6474,-53
6475,-48
6476,-41
6477,-45
6478,-59
6479,-63
6480,-68
6481,-73
6482,-67
6483,-57
6484,-47
6485,-44
6486,-40
6487,-47
6488,-54
6489,-58
6490,-64
6491,-60
6492,-63
6493,-47
6494,-47
6495,-47
6496,-47
6497,-48
6498,-61
6499,-71
6500,-81
6501,-74
6502,-61
6503,-51
6504,-36
6505,-38
6506,-45
6507,-48
6508,-63
6509,-67
6510,-68
6511,-67
6512,-67
6513,-52
6514,-55
6515,-43
6516,-42
6517,-40
6518,-54
6519,-70
6520,-71
6521,-66
6522,-59
6523,-44
6524,-39
6525,-36
6526,-43
6527,-47
6528,-58
6529,-64
6530,-62
6531,-65
6532,-60
6533,-45
6534,-47
6535,-38
6536,-41
6537,-42
6538,-45
6539,-58
6540,-67
6541,-66
6542,-53
6543,-48
6544,-39
6545,-38
6546,-38
6547,-35
6548,-55
6549,-65
6550,-64
6551,-55
6552,-51
6553,-39
6554,-33
6555,-33
6556,-39
6557,-37
6558,-54
6559,-57
6560,-64
6561,-57
6562,-55
6563,-43
6564,-37
6565,-35
6566,-41
6567,-41
6568,-53
6569,-57
6570,-58
6571,-67
6572,-50
6573,-44
6574,-31
6575,-41
6576,-42
6577,-49
6578,-58
6579,-69
6580,-69
6581,-69
6582,-59
6583,-49
6584,-47
6585,-44
6586,-43
6587,-47
6588,-57
6589,-66
6590,-64
6591,-61
6592,-60
6593,-54
6594,-51
6595,-40
6596,-53
6597,-63
6598,-71
6599,-70
6600,-75
6601,-69
6602,-54
6603,-37
6604,-22
6605,4
6606,13
6607,17
6608,13
6609,30
6610,36
6611,35
6612,30
6613,13
6614,2
6615,-5
6616,-16
6617,-55
6618,-79
6619,-112
6620,-128
6621,-117
6622,-107
6623,-87
6624,-70
6625,-68
6626,-68
6627,-74
6628,-81
6629,-78
6630,-83
6631,-73
6632,-54
6633,-45
6634,-36
6635,-36
6636,-46
6637,-64
6638,-62
6639,-65
6640,-64
6641,-50
6642,-47
6643,-45
6644,-42
6645,-39
6646,-39
6647,-50
6648,-57
6649,-66
6650,-57
6651,-52
6652,-43
6653,-40
6654,-39
6655,-40
6656,-44
6657,-51
6658,-54
6659,-61
6660,-55
6661,-46
6662,-35
6663,-33
6664,-32
6665,-25
6666,-29
6667,-52
6668,-54
6669,-57
6670,-50
6671,-49
6672,-42
6673,-36
6674,-34
6675,-24
6676,-29
6677,-52
6678,-56
6679,-55
6680,-48
6681,-53
6682,-29
6683,-29
6684,-26
6685,-23
6686,-38
6687,-48
6688,-52
6689,-57
6690,-51
6691,-46
6692,-29
6693,-22
6694,-24
6695,-22
6696,-30
6697,-32
6698,-44
6699,-48
6700,-41
6701,-33
6702,-25
6703,-20
6704,-13
6705,-23
6706,-22
6707,-30
6708,-33
6709,-43
6710,-30
6711,-21
6712,-19
6713,0
6714,-6
6715,-11
6716,-12
6717,-24
6718,-31
6719,-25
6720,-22
6721,-15
6722,4
6723,5
6724,4
6725,6
6726,0
6727,-5
6728,-14
6729,-19
6730,-9
6731,-10
6732,6
6733,5
6734,10
6735,10
6736,4
6737,-15
6738,-24
6739,-21
6740,-20
6741,-13
6742,8
6743,-2
6744,3
6745,-5
6746,-15
6747,-26
6748,-43
6749,-41
6750,-28
6751,-28
6752,-24
6753,-21
6754,-21
6755,-24
6756,-39
6757,-51
6758,-54
6759,-51
6760,-50
6761,-41
6762,-28
6763,-26
6764,-33
6765,-32
6766,-43
6767,-54
6768,-59
6769,-57
6770,-56
6771,-52
6772,-40
6773,-33
6774,-23
6775,-40
6776,-53
6777,-58
6778,-63
6779,-60
6780,-59
6781,-48
6782,-34
6783,-31
6784,-31
6785,-41
6786,-49
6787,-48
6788,-51
6789,-61
6790,-57
6791,-45
6792,-40
6793,-36
6794,-28
6795,-38
6796,-55
6797,-62
6798,-60
6799,-62
6800,-51
6801,-37
6802,-29
6803,-28
6804,-38
6805,-42
6806,-50
6807,-48
6808,-66
6809,-61
6810,-45
6811,-43
6812,-35
6813,-30
6814,-35
6815,-40
6816,-46
6817,-50
6818,-57
6819,-53
6820,-56
6821,-42
6822,-30
6823,-31
6824,-30
6825,-40
6826,-52
6827,-54
6828,-49
6829,-49
6830,-52
6831,-42
6832,-31
6833,-25
6834,-36
6835,-38
6836,-44
6837,-51
6838,-64
6839,-61
6840,-55
6841,-39
6842,-31
6843,-27
6844,-31
6845,-36
6846,-47
6847,-62
6848,-62
6849,-62
6850,-47
6851,-32
6852,-33
6853,-32
6854,-34
6855,-36
6856,-41
6857,-51
6858,-54
6859,-56
6860,-50
6861,-34
6862,-28
6863,-20
6864,-25
6865,-43
6866,-53
6867,-60
6868,-47
6869,-50
6870,-56
6871,-32
6872,-20
6873,-28
6874,-39
6875,-39
6876,-49
6877,-60
6878,-65
6879,-57
6880,-49
6881,-35
6882,-27
6883,-23
6884,-19
6885,-41
6886,-47
6887,-52
6888,-55
6889,-49
6890,-46
6891,-37
6892,-36
6893,-34
6894,-31
6895,-39
6896,-56
6897,-60
6898,-54
6899,-53
6900,-40
6901,-35
6902,-29
6903,-33
6904,-35
6905,-38
6906,-47
6907,-63
6908,-57
6909,-51
6910,-47
6911,-29
6912,-30
6913,-30
6914,-39
6915,-42
6916,-55
6917,-58
6918,-58
6919,-51
6920,-44
6921,-29
6922,-24
6923,-28
6924,-35
6925,-43
6926,-54
6927,-54
6928,-53
6929,-50
6930,-39
6931,-37
6932,-34
6933,-26
6934,-42
6935,-53
6936,-60
6937,-56
6938,-56
6939,-53
6940,-41
6941,-34
6942,-35
6943,-28
6944,-29
6945,-42
6946,-51
6947,-56
6948,-61
6949,-55
6950,-41
6951,-31
6952,-32
6953,-34
6954,-36
6955,-42
6956,-57
6957,-55
6958,-54
6959,-50
6960,-29
6961,-9
6962,-17
6963,-34
6964,-37
6965,-51
6966,-55
6967,-61
6968,-55
6969,-46
6970,-31
6971,-29
6972,-33
6973,-22
6974,-34
6975,-45
6976,-52
6977,-56
6978,-53
6979,-47
6980,-29
6981,-17
6982,-23
6983,-11
6984,-21
6985,-48
6986,-46
6987,-49
6988,-40
6989,-32
6990,-20
6991,-16
6992,-18
6993,-24
6994,-35
6995,-38
6996,-56
6997,-59
6998,-45
6999,-46
7000,-34
7001,-28
7002,-23
7003,-30
7004,-30
7005,-51
7006,-62
7007,-58
7008,-51
7009,-48
7010,-33
7011,-25
7012,-24
7013,-35
7014,-41
7015,-55
7016,-49
7017,-53
7018,-60
7019,-55
7020,-37
7021,-30
7022,-24
7023,-27
7024,-50
7025,-61
7026,-64
7027,-69
7028,-63
7029,-53
7030,-38
7031,-18
7032,-7
7033,-6
7034,9
7035,12
7036,9
7037,30
7038,52
7039,46
7040,40
7041,20
7042,1
7043,-15
7044,-16
7045,-44
7046,-72
7047,-86
7048,-93
7049,-87
7050,-71
7051,-65
7052,-60
7053,-71
7054,-86
7055,-84
7056,-82
7057,-77
7058,-83
7059,-64
7060,-48
7061,-36
7062,-30
7063,-32
7064,-39
7065,-51
7066,-58
7067,-62
7068,-50
7069,-35
7070,-23
7071,-19
7072,-29
7073,-26
7074,-35
7075,-54
7076,-50
7077,-43
7078,-47
7079,-32
7080,-23
7081,-15
7082,-15
7083,-13
7084,-19
7085,-52
7086,-56
7087,-55
7088,-47
7089,-43
7090,-25
7091,-13
7092,-17
7093,-29
7094,-27
7095,-45
7096,-47
7097,-51
7098,-34
7099,-24
7100,-25
7101,-3
7102,-12
7103,-19
7104,-37
7105,-53
7106,-39
7107,-45
7108,-34
7109,-19
7110,-16
7111,-9
7112,-11
7113,-9
7114,-31
7115,-37
7116,-48
7117,-49
7118,-31
7119,-12
7120,-16
7121,-7
7122,4
7123,-18
7124,-38
7125,-36
7126,-30
7127,-33
7128,-29
7129,-9
7130,-2
7131,1
7132,-4
7133,-1
7134,-17
7135,-28
7136,-22
7137,-18
7138,-5
7139,2
7140,3
7141,10
7142,11
7143,5
7144,-11
7145,-11
7146,-15
7147,-7
7148,-7
7149,11
7150,22
7151,25
7152,15
7153,15
7154,-4
7155,-5
7156,-6
7157,-11
7158,4
7159,16
7160,27
7161,25
7162,19
7163,9
7164,-3
7165,5
7166,-2
7167,3
7168,14
7169,11
7170,14
7171,15
7172,8
7173,2
7174,-11
7175,-19
7176,-24
7177,-21
7178,-19
7179,-10
7180,6
7181,-8
7182,-10
7183,-26
7184,-31
7185,-35
7186,-38
7187,-20
7188,-31
7189,-23
7190,-17
7191,-20
7192,-22
7193,-35
7194,-45
7195,-51
7196,-47
7197,-45
7198,-34
7199,-23
7200,-21
7201,-19
7202,-17
7203,-29
7204,-40
7205,-51
7206,-50
7207,-45
7208,-37
7209,-23
7210,-21
7211,-19
7212,-32
7213,-35
7214,-45
7215,-52
7216,-46
7217,-41
7218,-35
7219,-25
7220,-17
7221,-18
7222,-26
7223,-43
7224,-43
7225,-40
7226,-50
7227,-46
7228,-25
7229,-21
7230,-23
7231,-31
7232,-28
7233,-37
7234,-41
7235,-50
7236,-47
7237,-39
7238,-26
7239,-13
7240,-8
7241,-16
7242,-20
7243,-38
7244,-56
7245,-47
7246,-45
7247,-35
7248,-31
7249,-20
7250,-14
7251,-15
7252,-26
7253,-36
7254,-37
7255,-48
7256,-45
7257,-38
7258,-24
7259,-15
7260,-20
7261,-15
7262,-10
7263,-26
7264,-35
7265,-40
7266,-47
7267,-34
7268,-13
7269,-13
7270,-8
7271,-9
7272,-22
7273,-43
7274,-42
7275,-49
7276,-41
7277,-37
7278,-21
7279,-17
7280,-13
7281,-20
7282,-20
7283,-31
7284,-44
7285,-36
7286,-34
7287,-37
7288,-22
7289,-18
7290,-18
7291,-16
7292,-23
7293,-41
7294,-41
7295,-42
7296,-39
7297,-33
7298,-17
7299,-19
7300,-15
7301,-13
7302,-27
7303,-33
7304,-41
7305,-43
7306,-44
7307,-38
7308,-27
7309,-20
7310,-18
7311,-20
7312,-22
7313,-39
7314,-49
7315,-39
7316,-39
7317,-28
7318,-23
7319,-14
7320,-16
7321,-19
7322,-25
7323,-42
7324,-43
7325,-42
7326,-36
7327,-29
7328,-20
7329,-15
7330,-8
7331,-13
7332,-25
7333,-44
7334,-45
7335,-39
7336,-40
7337,-26
7338,-20
7339,-14
7340,-17
7341,-18
7342,-26
7343,-34
7344,-39
7345,-41
7346,-33
7347,-22
7348,-5
7349,-6
7350,-4
7351,-14
7352,-19
7353,-30
7354,-38
7355,-36
7356,-30
7357,-20
7358,-26
7359,-11
7360,-6
7361,-21
7362,-22
7363,-29
7364,-34
7365,-43
7366,-34
7367,-30
7368,-19
7369,-19
7370,-16
7371,-19
7372,-37
7373,-40
7374,-45
7375,-42
7376,-35
7377,-27
7378,-13
7379,-13
7380,-29
7381,-34
7382,-36
7383,-43
7384,-43
7385,-42
7386,-39
7387,-29
7388,-28
7389,-18
7390,-19
7391,-23
7392,-37
7393,-55
7394,-58
7395,-45
7396,-56
7397,-37
7398,-33
7399,-25
7400,-21
7401,-15
7402,-20
7403,-11
7404,2
7405,17
7406,38
7407,75
7408,87
7409,72
7410,59
7411,23
7412,0
7413,-15
7414,-34
7415,-38
7416,-54
7417,-68
7418,-65
7419,-59
7420,-54
7421,-58
7422,-63
7423,-86
7424,-89
7425,-74
7426,-67
7427,-51
7428,-38
7429,-33
7430,-20
7431,-26
7432,-48
7433,-52
7434,-50
7435,-58
7436,-45
7437,-27
7438,-16
7439,-17
7440,-16
7441,-27
7442,-33
7443,-45
7444,-40
7445,-39
7446,-24
7447,-20
7448,-16
7449,-5
7450,-5
7451,-25
7452,-35
7453,-45
7454,-38
7455,-35
7456,-25
7457,-17
7458,-10
7459,-11
7460,-17
7461,-26
7462,-30
7463,-35
7464,-33
7465,-36
7466,-22
7467,-10
7468,-3
7469,-8
7470,-17
7471,-27
7472,-32
7473,-36
7474,-38
7475,-35
7476,-20
7477,-17
7478,-10
7479,-11
7480,-13
7481,-15
7482,-26
7483,-34
7484,-42
7485,-33
7486,-9
7487,-8
7488,-7
7489,-7
7490,-3
7491,-20
7492,-23
7493,-25
7494,-21
7495,-22
7496,-10
7497,9
7498,10
7499,12
7500,2
7501,-15
7502,-20
7503,-22
7504,-21
7505,-15
7506,0
7507,10
7508,19
7509,18
7510,9
7511,3
7512,-7
7513,-10
7514,-10
7515,2
7516,8
7517,22
7518,27
7519,31
7520,17
7521,15
7522,12
7523,5
7524,9
7525,7
7526,25
7527,33
7528,32
7529,35
7530,28
7531,20
7532,7
7533,15
7534,8
7535,11
7536,24
7537,25
7538,20
7539,14
7540,8
7541,7
7542,5
7543,-9
7544,-14
7545,-10
7546,-1
7547,-2
7548,2
7549,-7
7550,-13
7551,-17
7552,-23
7553,-38
7554,-33
7555,-27
7556,-14
7557,-9
7558,-4
7559,-13
7560,-16
7561,-27
7562,-30
7563,-35
7564,-42
7565,-39
7566,-24
7567,-13
7568,-14
7569,-15
7570,-19
7571,-31
7572,-40
7573,-49
7574,-32
7575,-40
7576,-24
7577,-16
7578,-12
7579,-11
7580,-21
7581,-33
7582,-47
7583,-40
7584,-42
7585,-48
7586,-29
7587,-18
7588,-16
7589,-13
7590,-23
7591,-33
7592,-41
7593,-40
7594,-41
7595,-33
7596,-25
7597,-15
7598,-9
7599,-17
7600,-18
7601,-32
7602,-43
7603,-40
7604,-39
7605,-38
7606,-12
7607,-16
7608,-14
7609,-22
7610,-18
7611,-44
7612,-41
7613,-40
7614,-24
7615,-16
7616,-16
7617,-7
7618,-5
7619,-11
7620,-31
7621,-33
7622,-40
7623,-41
7624,-39
7625,-21
7626,-11
7627,-17
7628,-9
7629,-12
7630,-19
7631,-27
7632,-31
7633,-27
7634,-28
7635,-21
7636,-6
7637,-9
7638,-9
7639,-18
7640,-28
7641,-29
7642,-41
7643,-37
7644,-35
7645,-15
7646,-6
7647,-10
7648,-7
7649,-12
7650,-18
7651,-29
7652,-31
7653,-36
7654,-33
7655,-20
7656,-15
7657,-8
7658,-7
7659,-8
7660,-27
7661,-33
7662,-27
7663,-40
7664,-35
7665,-19
7666,-18
7667,-12
7668,-17
7669,-15
7670,-30
7671,-38
7672,-39
7673,-31
7674,-32
7675,-23
7676,-14
7677,-5
7678,-12
7679,-25
7680,-36
7681,-34
7682,-37
7683,-41
7684,-30
7685,-18
7686,-10
7687,-10
7688,-8
7689,-14
7690,-28
7691,-40
7692,-34
7693,-39
7694,-40
7695,-19
7696,-16
7697,-9
7698,-18
7699,-21
7700,-31
7701,-40
7702,-37
7703,-37
7704,-42
7705,-23
7706,-20
7707,-14
7708,-16
7709,-16
7710,-34
7711,-40
7712,-40
7713,-39
7714,-37
7715,-24
7716,-17
7717,-11
7718,-5
7719,-28
7720,-27
7721,-41
7722,-39
7723,-31
7724,-27
7725,-10
7726,-7
7727,-15
7728,-12
7729,-12
7730,-33
7731,-48
7732,-43
7733,-33
7734,-33
7735,-21
7736,-12
7737,-5
7738,-5
7739,-13
7740,-27
7741,-26
7742,-24
7743,-17
7744,-25
7745,-13
7746,-7
7747,-1
7748,-7
7749,-17
7750,-31
7751,-35
7752,-26
7753,-29
7754,-23
7755,-6
7756,-1
7757,-5
7758,-9
7759,-18
7760,-38
7761,-45
7762,-40
7763,-39
7764,-29
7765,-20
7766,-18
7767,-13
7768,-18
7769,-30
7770,-36
7771,-44
7772,-43
7773,-44
7774,-34
7775,-14
7776,-9
7777,-8
7778,-8
7779,-27
7780,-34
7781,-43
7782,-37
7783,-41
7784,-27
7785,-19
7786,-18
7787,-25
7788,-24
7789,-33
7790,-45
7791,-44
7792,-21
7793,-18
7794,12
7795,27
7796,53
7797,62
7798,70
7799,67
7800,51
7801,45
7802,29
7803,-2
7804,-3
7805,-1
7806,-7
7807,-14
7808,-42
7809,-77
7810,-92
7811,-88
7812,-84
7813,-67
7814,-55
7815,-44
7816,-41
7817,-35
7818,-36
7819,-45
7820,-51
7821,-47
7822,-45
7823,-32
7824,-25
7825,-18
7826,-7
7827,-5
7828,-26
7829,-40
7830,-29
7831,-44
7832,-34
7833,-33
7834,-22
7835,-13
7836,-5
7837,-6
7838,-17
7839,-31
7840,-35
7841,-36
7842,-30
7843,-27
7844,-14
7845,-4
7846,-5
7847,-6
7848,-16
7849,-31
7850,-33
7851,-26
7852,-35
7853,-27
7854,-11
7855,-8
7856,-3
7857,-4
7858,-13
7859,-20
7860,-23
7861,-36
7862,-24
7863,-29
7864,-12
7865,-2
7866,-8
7867,-5
7868,-3
7869,-20
7870,-25
7871,-27
7872,-38
7873,-22
7874,-6
7875,-4
7876,3
7877,-1
7878,-5
7879,-12
7880,-21
7881,-32
7882,-23
7883,-11
7884,1
7885,4
7886,-1
7887,2
7888,-8
7889,-19
7890,-15
7891,-17
7892,-13
7893,-4
7894,13
7895,28
7896,20
7897,13
7898,17
7899,-2
7900,-12
7901,-20
7902,-14
7903,2
7904,18
7905,26
7906,27
7907,16
7908,18
7909,11
7910,-2
7911,0
7912,4
7913,20
7914,28
7915,34
7916,38
7917,38
7918,12
7919,7
7920,3
7921,6
7922,13
7923,16
7924,34
7925,38
7926,35
7927,26
7928,4
7929,1
7930,-1
7931,4
7932,7
7933,19
7934,18
7935,19
7936,18
7937,10
7938,-5
7939,-7
7940,-11
7941,-9
7942,-18
7943,-8
7944,12
7945,-3
7946,-9
7947,-9
7948,-16
7949,-33
7950,-34
7951,-37
7952,-36
7953,-15
7954,-9
7955,-5
7956,-2
7957,-16
7958,-27
7959,-28
7960,-39
7961,-34
7962,-34
7963,-20
7964,-13
7965,-7
7966,-10
7967,-12
7968,-24
7969,-33
7970,-40
7971,-37
7972,-27
7973,-18
7974,-16
7975,-11
7976,-8
7977,-13
7978,-25
7979,-39
7980,-42
7981,-31
7982,-29
7983,-17
7984,-13
7985,-14
7986,-8
7987,-18
7988,-19
7989,-33
7990,-41
7991,-32
7992,-25
7993,-12
7994,-9
7995,-3
7996,-6
7997,-23
7998,-35
7999,-38
8000,-44
8001,-40
8002,-23
8003,-10
8004,-8
8005,-3
8006,-17
8007,-14
8008,-34
8009,-39
8010,-34
8011,-32
8012,-25
8013,-10
8014,4
8015,8
8016,-7
8017,-18
8018,-33
8019,-38
8020,-32
8021,-38
8022,-28
8023,-14
8024,-3
8025,-8
8026,-6
8027,-7
8028,-25
8029,-35
8030,-39
8031,-31
8032,-18
8033,-4
8034,-2
8035,2
8036,-5
8037,-7
8038,-23
8039,-29
8040,-36
8041,-26
8042,-21
8043,-7
8044,-5
8045,-6
8046,-6
8047,-13
8048,-23
8049,-28
8050,-29
8051,-30
8052,-26
8053,-12
8054,-7
8055,-7
8056,-4
8057,-18
8058,-26
8059,-27
8060,-30
8061,-29
8062,-28
8063,-16
8064,-7
8065,-9
8066,-3
8067,-24
8068,-30
8069,-33
8070,-30
8071,-27
8072,-19
8073,0
8074,-3
8075,-3
8076,-16
8077,-23
8078,-28
8079,-36
8080,-25
8081,-23
8082,-15
8083,-11
8084,0
8085,1
8086,-10
8087,-26
8088,-29
8089,-41
8090,-39
8091,-21
8092,-19
8093,-8
8094,-2
8095,-7
8096,-5
8097,-17
8098,-27
8099,-27
8100,-26
8101,-20
8102,-12
8103,-13
8104,-9
8105,-12
8106,-7
8107,-30
8108,-32
8109,-22
8110,-28
8111,-23
8112,-13
8113,-4
8114,-8
8115,-8
8116,-13
8117,-21
8118,-30
8119,-35
8120,-27
8121,-23
8122,-6
8123,3
8124,-5
8125,-9
8126,-7
8127,-16
8128,-29
8129,-25
8130,-34
8131,-27
8132,-12
8133,-5
8134,-1
8135,-4
8136,-12
8137,-20
8138,-30
8139,-28
8140,-24
8141,-14
8142,-4
8143,8
8144,23
8145,4
8146,-3
8147,-13
8148,-24
8149,-25
8150,-19
8151,-15
8152,-8
8153,-2
8154,5
8155,3
8156,-8
8157,-20
8158,-24
8159,-33
8160,-30
8161,-22
8162,-11
8163,-12
8164,-12
8165,-12
8166,-19
8167,-27
8168,-35
8169,-24
8170,-28
8171,-20
8172,-14
8173,-12
8174,-4
8175,-7
8176,-13
8177,-32
8178,-37
8179,-31
8180,-28
8181,-30
8182,-13
8183,-11
8184,-17
8185,-12
8186,-15
8187,-28
8188,-41
8189,-36
8190,-24
8191,-5
8192,21
8193,46
8194,47
8195,67
8196,64
8197,71
8198,64
8199,58
8200,42
8201,20
8202,18
8203,16
8204,-1
8205,-15
8206,-46
8207,-77
8208,-89
8209,-88
8210,-87
8211,-65
8212,-48
8213,-39
8214,-38
8215,-36
8216,-43
8217,-54
8218,-47
8219,-34
8220,-34
8221,-22
8222,-12
8223,-4
8224,-7
8225,-5
8226,-23
8227,-35
8228,-36
8229,-41
8230,-33
8231,-15
8232,-4
8233,1
8234,-10
8235,-8
8236,-20
8237,-28
8238,-33
8239,-26
8240,-27
8241,-9
8242,-5
8243,0
8244,-2
8245,-9
8246,-21
8247,-21
8248,-33
8249,-30
8250,-20
8251,-10
8252,0
8253,-1
8254,-2
8255,1
8256,-14
8257,-18
8258,-18
8259,-34
8260,-19
8261,-5
8262,-3
8263,8
8264,0
8265,-7
8266,-22
8267,-28
8268,-17
8269,-22
8270,-16
8271,3
8272,4
8273,8
8274,7
8275,-1
8276,-18
8277,-13
8278,-15
8279,-13
8280,-5
8281,6
8282,9
8283,16
8284,5
8285,0
8286,-8
8287,-7
8288,-8
8289,-4
8290,-1
8291,9
8292,24
8293,26
8294,15
8295,15
8296,-3
8297,-9
8298,-3
8299,6
8300,13
8301,21
8302,22
8303,35
8304,25
8305,19
8306,8
8307,14
8308,15
8309,17
8310,21
8311,31
8312,38
8313,43
8314,29
8315,28
8316,24
8317,20
8318,16
8319,24
8320,29
8321,39
8322,39
8323,42
8324,32
8325,25
8326,27
8327,18
8328,5
8329,7
8330,12
8331,29
8332,31
8333,29
8334,24
8335,13
8336,6
8337,-3
8338,-8
8339,-10
8340,7
8341,12
8342,12
8343,3
8344,-1
8345,-8
8346,-18
8347,-22
8348,-23
8349,-19
8350,-13
8351,11
8352,-1
8353,0
8354,-4
8355,-11
8356,-26
8357,-33
8358,-33
8359,-23
8360,-8
8361,-2
8362,2
8363,2
8364,1
8365,-16
8366,-20
8367,-28
8368,-26
8369,-25
8370,-18
8371,-10
8372,-4
8373,-4
8374,-6
8375,-14
8376,-24
8377,-27
8378,-21
8379,-20
8380,-11
8381,-1
8382,3
8383,2
8384,-14
8385,-24
8386,-27
8387,-27
8388,-25
8389,-21
8390,-14
8391,-4
8392,-1
8393,0
8394,-3
8395,-24
8396,-28
8397,-33
8398,-31
8399,-16
8400,-6
8401,-7
8402,2
8403,-4
8404,-12
8405,-15
8406,-30
8407,-28
8408,-31
8409,-24
8410,-2
8411,6
8412,11
8413,-4
8414,-6
8415,-16
8416,-27
8417,-28
8418,-32
8419,-22
8420,-7
8421,0
8422,8
8423,-4
8424,-8
8425,-21
8426,-27
8427,-29
8428,-19
8429,-14
8430,1
8431,1
8432,-3
8433,-4
8434,-8
8435,-22
8436,-27
8437,-28
8438,-28
8439,-23
8440,-7
8441,-4
8442,6
8443,-1
8444,1
8445,-23
8446,-25
8447,-23
8448,-19
8449,-11
8450,3
8451,0
8452,7
8453,0
8454,-14
8455,-24
8456,-26
8457,-27
8458,-23
8459,-10
8460,-8
8461,-1
8462,1
8463,0
8464,-19
8465,-29
8466,-30
8467,-31
8468,-21
8469,-13
8470,4
8471,7
8472,5
8473,-3
8474,-10
8475,-19
8476,-15
8477,-24
8478,-24
8479,-25
8480,-9
8481,4
8482,6
8483,-11
8484,-19
8485,-30
8486,-36
8487,-33
8488,-23
8489,-10
8490,-4
8491,0
8492,6
8493,-3
8494,-5
8495,-18
8496,-30
8497,-23
8498,-25
8499,-14
8500,-12
8501,-4
8502,-2
8503,-10
8504,-15
8505,-24
8506,-24
8507,-27
8508,-21
8509,-14
8510,-4
8511,7
8512,9
8513,-9
8514,-23
8515,-30
8516,-25
8517,-21
8518,-25
8519,-11
8520,4
8521,2
8522,-1
8523,-12
8524,-14
8525,-23
8526,-24
8527,-17
8528,-20
8529,-7
8530,-3
8531,4
8532,-5
8533,-6
8534,-25
8535,-27
8536,-32
8537,-25
8538,-18
8539,-3
8540,-3
8541,-2
8542,1
8543,-3
8544,-16
8545,-32
8546,-25
8547,-19
8548,-19
8549,-6
8550,4
8551,8
8552,2
8553,-1
8554,-19
8555,-31
8556,-34
8557,-21
8558,-11
8559,2
8560,8
8561,11
8562,10
8563,4
8564,-11
8565,-13
8566,-19
8567,-22
8568,-9
8569,4
8570,14
8571,14
8572,6
8573,0
8574,-17
8575,-18
8576,-26
8577,-13
8578,-13
8579,1
8580,-5
8581,-4
8582,-5
8583,-19
8584,-28
8585,-25
8586,-23
8587,-26
8588,-22
8589,-3
8590,0
8591,-3
8592,-9
8593,-10
8594,-25
8595,-30
8596,-22
8597,-36
8598,-19
8599,-1
8600,-3
8601,-3
8602,-4
8603,-13
8604,-25
8605,-30
8606,-37
8607,-38
8608,-24
8609,-6
8610,2
8611,-9
8612,-8
8613,-14
8614,-11
8615,3
8616,12
8617,36
8618,51
8619,75
8620,90
8621,94
8622,76
8623,45
8624,15
8625,8
8626,1
8627,-18
8628,-25
8629,-48
8630,-52
8631,-51
8632,-52
8633,-51
8634,-70
8635,-70
8636,-69
8637,-51
8638,-36
8639,-29
8640,-21
8641,-12
8642,-11
8643,-19
8644,-25
8645,-33
8646,-38
8647,-36
8648,-18
8649,-2
8650,0
8651,5
8652,2
8653,-15
8654,-24
8655,-30
8656,-27
8657,-17
8658,-15
8659,-1
8660,5
8661,1
8662,-7
8663,-14
8664,-25
8665,-19
8666,-20
8667,-22
8668,-5
8669,3
8670,8
8671,7
8672,-2
8673,-11
8674,-22
8675,-14
8676,-10
8677,-7
8678,1
8679,2
8680,5
8681,10
8682,3
8683,-4
8684,-19
8685,-20
8686,-21
8687,-17
8688,6
8689,15
8690,16
8691,13
8692,-6
8693,-19
8694,-22
8695,-19
8696,-14
8697,-6
8698,5
8699,9
8700,11
8701,5
8702,7
8703,-2
8704,-9
8705,-15
8706,-10
8707,1
8708,16
8709,17
8710,20
8711,21
8712,17
8713,5
8714,-9
8715,-7
8716,2
8717,14
8718,27
8719,27
8720,28
8721,35
8722,29
8723,15
8724,3
8725,5
8726,4
8727,26
8728,31
8729,38
8730,48
8731,44
8732,29
8733,23
8734,11
8735,15
8736,21
8737,31
8738,42
8739,54
8740,48
8741,45
8742,34
8743,20
8744,24
8745,16
8746,26
8747,36
8748,42
8749,47
8750,41
8751,36
8752,33
8753,25
8754,21
8755,2
8756,8
8757,9
8758,23
8759,24
8760,20
8761,19
8762,8
8763,2
8764,-12
8765,-15
8766,-12
8767,-3
8768,2
8769,10
8770,6
8771,5
8772,2
8773,-16
8774,-9
8775,-14
8776,-17
8777,-4
8778,0
8779,5
8780,6
8781,-8
8782,-20
8783,-18
8784,-19
8785,-31
8786,-23
8787,-8
8788,-1
8789,11
8790,1
8791,1
8792,-10
8793,-19
8794,-36
8795,-18
8796,-17
8797,-3
8798,5
8799,4
8800,10
8801,1
8802,-15
8803,-29
8804,-30
8805,-23
8806,-22
8807,-9
8808,0
8809,5
8810,0
8811,-6
8812,-11
8813,-29
8814,-27
8815,-30
8816,-14
8817,-11
8818,3
8819,3
8820,0
8821,-6
8822,-10
8823,-26
8824,-22
8825,-19
8826,-22
8827,-14
8828,8
8829,14
8830,3
8831,-6
8832,-13
8833,-26
8834,-20
8835,-18
8836,-11
8837,0
8838,3
8839,7
8840,8
8841,-2
8842,-6
8843,-23
8844,-23
8845,-27
8846,-20
8847,-5
8848,4
8849,9
8850,5
8851,0
8852,-21
8853,-13
8854,-25
8855,-17
8856,-8
8857,1
8858,1
8859,3
8860,5
8861,-4
8862,-17
8863,-17
8864,-12
8865,-13
8866,-19
8867,1
8868,8
8869,4
8870,-1
8871,-6
8872,-12
8873,-18
8874,-25
8875,-23
8876,-10
8877,-6
8878,4
8879,5
8880,1
8881,-4
8882,-16
8883,-27
8884,-29
8885,-23
8886,-15
8887,-6
8888,6
8889,2
8890,-1
8891,-4
8892,-16
8893,-21
8894,-30
8895,-19
8896,-9
8897,-4
8898,9
8899,-1
8900,2
8901,-12
8902,-20
8903,-29
8904,-28
8905,-23
8906,-7
8907,7
8908,12
8909,10
8910,0
8911,-10
8912,-19
8913,-15
8914,-14
8915,-12
8916,3
8917,5
8918,-1
8919,1
8920,6
8921,-2
8922,-25
8923,-25
8924,-21
8925,-10
8926,1
8927,5
8928,8
8929,8
8930,6
8931,-3
8932,-12
8933,-23
8934,-19
8935,-12
8936,-1
8937,12
8938,18
8939,10
8940,6
8941,0
8942,-10
8943,-3
8944,-17
8945,-17
8946,-6
8947,11
8948,13
8949,11
8950,12
8951,-4
8952,-22
8953,-24
8954,-26
8955,-16
8956,-11
8957,-3
8958,3
8959,0
8960,3
8961,-15
8962,-27
8963,-23
8964,-28
8965,-18
8966,-5
8967,3
8968,0
8969,9
8970,0
8971,-27
8972,-35
8973,-29
8974,-25
8975,-30
8976,-8
8977,6
8978,-5
8979,-2
8980,-8
8981,-16
8982,-24
8983,-4
8984,9
8985,31
8986,54
8987,61
8988,75
8989,90
8990,87
8991,66
8992,40
8993,16
8994,14
8995,12
8996,8
8997,-2
8998,-25
8999,-46
9000,-49
9001,-61
9002,-70
9003,-65
9004,-60
9005,-53
9006,-34
9007,-24
9008,-14
9009,-10
9010,-18
9011,-25
9012,-34
9013,-33
9014,-31
9015,-17
9016,8
9017,6
9018,-2
9019,5
9020,1
9021,-10
9022,-19
9023,-26
9024,-20
9025,-5
9026,4
9027,2
9028,10
9029,5
9030,2
9031,-13
9032,-25
9033,-20
9034,-12
9035,-3
9036,16
9037,11
9038,14
9039,8
9040,-5
9041,-9
9042,-17
9043,-13
9044,-13
9045,-13
9046,9
9047,15
9048,14
9049,11
9050,1
9051,-5
9052,-18
9053,-10
9054,-9
9055,-8
9056,14
9057,17
9058,8
9059,11
9060,3
9061,-1
9062,-5
9063,-12
9064,-7
9065,5
9066,12
9067,16
9068,29
9069,16
9070,-1
9071,0
9072,-11
9073,-17
9074,1
9075,20
9076,22
9077,18
9078,25
9079,21
9080,10
9081,1
9082,3
9083,5
9084,8
9085,19
9086,25
9087,26
9088,28
9089,21
9090,22
9091,14
9092,20
9093,23
9094,26
9095,29
9096,41
9097,38
9098,46
9099,47
9100,38
9101,23
9102,23
9103,24
9104,31
9105,42
9106,44
9107,49
9108,49
9109,47
9110,42
9111,31
9112,26
9113,31
9114,32
9115,44
9116,49
9117,51
9118,43
9119,38
9120,24
9121,15
9122,14
9123,15
9124,16
9125,34
9126,27
9127,26
9128,20
9129,13
9130,-7
9131,-3
9132,-8
9133,-6
9134,-1
9135,3
9136,10
9137,22
9138,12
9139,9
9140,-8
9141,-16
9142,-22
9143,-15
9144,-10
9145,-2
9146,8
9147,15
9148,10
9149,-7
9150,-16
9151,-22
9152,-28
9153,-17
9154,-9
9155,1
9156,6
9157,12
9158,14
9159,-7
9160,-12
9161,-25
9162,-31
9163,-27
9164,-24
9165,-1
9166,6
9167,5
9168,-7
9169,-9
9170,-24
9171,-26
9172,-21
9173,-9
9174,-3
9175,0
9176,4
9177,8
9178,-5
9179,-6
9180,-16
9181,-23
9182,-24
9183,-21
9184,-14
9185,4
9186,11
9187,13
9188,6
9189,-9
9190,-16
9191,-14
9192,-16
9193,-12
9194,-6
9195,-3
9196,12
9197,13
9198,3
9199,-12
9200,-14
9201,-20
9202,-22
9203,-6
9204,-4
9205,-1
9206,11
9207,6
9208,1
9209,-5
9210,-13
9211,-19
9212,-16
9213,-11
9214,-6
9215,3
9216,9
9217,11
9218,11
9219,-4
9220,-10
9221,-22
9222,-23
9223,-18
9224,-2
9225,5
9226,11
9227,3
9228,7
9229,-4
9230,-14
9231,-18
9232,-22
9233,-16
9234,0
9235,4
9236,11
9237,10
9238,-2
9239,-5
9240,-6
9241,-14
9242,-20
9243,-18
9244,-5
9245,4
9246,9
9247,6
9248,2
9249,-1
9250,-18
9251,-21
9252,-23
9253,-9
9254,4
9255,5
9256,9
9257,6
9258,-4
9259,-17
9260,-21
9261,-21
9262,-20
9263,-19
9264,1
9265,5
9266,8
9267,9
9268,6
9269,-7
9270,-12
9271,-20
9272,-16
9273,-4
9274,-2
9275,5
9276,14
9277,9
9278,3
9279,-11
9280,-18
9281,-16
9282,-6
9283,-7
9284,4
9285,13
9286,13
9287,12
9288,11
9289,-9
9290,-14
9291,-8
9292,-12
9293,-8
9294,9
9295,17
9296,20
9297,5
9298,5
9299,-12
9300,-20
9301,-12
9302,-11
9303,-15
9304,5
9305,4
9306,6
9307,-1
9308,-6
9309,-15
9310,-18
9311,-15
9312,-24
9313,-15
9314,-8
9315,6
9316,8
9317,3
9318,-5
9319,-21
9320,-23
9321,-20
9322,-19
9323,-3
9324,5
9325,2
9326,8
9327,6
9328,-7
9329,-26
9330,-27
9331,-32
9332,-28
9333,-25
9334,-5
9335,13
9336,23
9337,34
9338,32
9339,39
9340,45
9341,68
9342,81
9343,77
9344,85
9345,69
9346,39
9347,26
9348,28
9349,-1
9350,-24
9351,-50
9352,-61
9353,-48
9354,-33
9355,-34
9356,-36
9357,-30
9358,-44
9359,-56
9360,-44
9361,-39
9362,-29
9363,-15
9364,-7
9365,5
9366,6
9367,-3
9368,-16
9369,-23
9370,-19
9371,-22
9372,-11
9373,-1
9374,4
9375,5
9376,0
9377,3
9378,-8
9379,-12
9380,-24
9381,-8
9382,-8
9383,7
9384,5
9385,12
9386,9
9387,3
9388,-6
9389,-14
9390,-10
9391,-9
9392,-14
9393,1
9394,12
9395,12
9396,11
9397,9
9398,-6
9399,-8
9400,-12
9401,-7
9402,-5
9403,11
9404,18
9405,23
9406,9
9407,8
9408,-2
9409,-15
9410,-19
9411,-12
9412,-2
9413,9
9414,16
9415,9
9416,13
9417,12
9418,1
9419,-9
9420,-8
9421,-8
9422,6
9423,17
9424,24
9425,18
9426,19
9427,14
9428,-3
9429,-7
9430,-4
9431,2
9432,16
9433,18
9434,22
9435,29
9436,28
9437,20
9438,13
9439,10
9440,7
9441,8
9442,21
9443,27
9444,32
9445,39
9446,36
9447,31
9448,21
9449,19
9450,22
9451,14
9452,27
9453,44
9454,53
9455,50
9456,46
9457,39
9458,33
9459,28
9460,30
9461,35
9462,38
9463,45
9464,56
9465,54
9466,55
9467,49
9468,31
9469,18
9470,25
9471,30
9472,24
9473,35
9474,38
9475,44
9476,34
9477,19
9478,16
9479,4
9480,4
9481,0
9482,13
9483,25
9484,19
9485,21
9486,7
9487,-2
9488,-20
9489,-16
9490,-16
9491,-14
9492,-5
9493,10
9494,13
9495,12
9496,6
9497,-4
9498,-19
9499,-21
9500,-18
9501,-8
9502,2
9503,7
9504,4
9505,5
9506,-4
9507,-3
9508,-15
9509,-22
9510,-23
9511,-11
9512,-4
9513,7
9514,9
9515,11
9516,-2
9517,-14
9518,-19
9519,-26
9520,-16
9521,-11
9522,4
9523,2
9524,10
9525,3
9526,-5
9527,-14
9528,-17
9529,-18
9530,-19
9531,-10
9532,0
9533,11
9534,-1
9535,4
9536,2
9537,-7
9538,-20
9539,-26
9540,-18
9541,-15
9542,-1
9543,0
9544,6
9545,4
9546,9
9547,-13
9548,-16
9549,-17
9550,-25
9551,-10
9552,3
9553,10
9554,15
9555,14
9556,4
9557,-12
9558,-21
9559,-22
9560,-16
9561,-13
9562,5
9563,11
9564,11
9565,5
9566,0
9567,-11
9568,-20
9569,-15
9570,-12
9571,-12
9572,6
9573,14
9574,14
9575,14
9576,5
9577,-9
9578,-21
9579,-18
9580,-16
9581,-16
9582,5
9583,7
9584,12
9585,10
9586,-1
9587,-11
9588,-18
9589,-17
9590,-4
9591,-1
9592,-8
9593,10
9594,23
9595,9
9596,4
9597,-18
9598,-22
9599,-20
9600,-16
9601,-11
9602,0
9603,6
9604,10
9605,7
9606,4
9607,-8
9608,-23
9609,-23
9610,-14
9611,-7
9612,4
9613,5
9614,11
9615,3
9616,-3
9617,-24
9618,-19
9619,-20
9620,-11
9621,-11
9622,5
9623,9
9624,17
9625,13
9626,-8
9627,-22
9628,-19
9629,-16
9630,-12
9631,-10
9632,-2
9633,4
9634,8
9635,7
9636,-7
9637,-18
9638,-19
9639,-19
9640,-13
9641,1
9642,4
9643,9
9644,17
9645,8
9646,-9
9647,-17
9648,-16
9649,-19
9650,-19
9651,-4
9652,3
9653,11
9654,14
9655,12
9656,5
9657,-12
9658,-17
9659,-11
9660,-10
9661,3
9662,15
9663,16
9664,21
9665,18
9666,-3
9667,-9
9668,-12
9669,-6
9670,3
9671,13
9672,13
9673,21
9674,22
9675,20
9676,0
9677,-7
9678,-10
9679,-5
9680,-4
9681,2
9682,15
9683,18
9684,16
9685,13
9686,1
9687,-8
9688,-16
9689,-15
9690,-12
9691,1
9692,9
9693,9
9694,14
9695,5
9696,-9
9697,-14
9698,-24
9699,-16
9700,-13
9701,3
9702,10
9703,10
9704,8
9705,5
9706,-7
9707,-22
9708,-18
9709,-11
9710,-7
9711,6
9712,12
9713,11
9714,5
9715,-7
9716,-18
9717,-25
9718,-29
9719,-20
9720,-16
9721,3
9722,15
9723,26
9724,33
9725,50
9726,48
9727,56
9728,70
9729,83
9730,88
9731,85
9732,89
9733,60
9734,41
9735,26
9736,3
9737,-16
9738,-35
9739,-57
9740,-65
9741,-44
9742,-29
9743,-25
9744,-26
9745,-33
9746,-35
9747,-34
9748,-35
9749,-29
9750,-18
9751,-7
9752,2
9753,4
9754,6
9755,1
9756,-15
9757,-10
9758,-13
9759,-12
9760,-5
9761,14
9762,14
9763,13
9764,12
9765,2
9766,-10
9767,-11
9768,-19
9769,-6
9770,4
9771,21
9772,21
9773,23
9774,17
9775,-1
9776,-6
9777,-7
9778,-10
9779,-3
9780,10
9781,7
9782,20
9783,31
9784,23
9785,11
9786,-2
9787,-15
9788,-16
9789,-5
9790,4
9791,18
9792,22
9793,22
9794,16
9795,8
9796,5
9797,-2
9798,-2
9799,-4
9800,5
9801,17
9802,27
9803,26
9804,22
9805,5
9806,-4
9807,-11
9808,-4
9809,1
9810,7
9811,26
9812,23
9813,24
9814,20
9815,15
9816,3
9817,2
9818,1
9819,14
9820,19
9821,34
9822,30
9823,29
9824,33
9825,21
9826,5
9827,5
9828,8
9829,22
9830,38
9831,45
9832,42
9833,41
9834,40
9835,30
9836,28
9837,26
9838,28
9839,33
9840,44
9841,59
9842,62
9843,60
9844,51
9845,38
9846,31
9847,28
9848,34
9849,45
9850,49
9851,58
9852,64
9853,61
9854,51
9855,31
9856,28
9857,24
9858,29
9859,36
9860,48
9861,50
9862,53
9863,41
9864,27
9865,20
9866,5
9867,1
9868,10
9869,4
9870,19
9871,29
9872,30
9873,22
9874,19
9875,3
9876,-2
9877,-1
9878,2
9879,2
9880,12
9881,18
9882,28
9883,23
9884,9
9885,-11
9886,-17
9887,-15
9888,-10
9889,-9
9890,15
9891,10
9892,16
9893,14
9894,-2
9895,-15
9896,-16
9897,-18
9898,-14
9899,-2
9900,9
9901,15
9902,17
9903,15
9904,6
9905,-2
9906,-19
9907,-13
9908,-13
9909,-5
9910,8
9911,14
9912,19
9913,11
9914,0
9915,-12
9916,-12
9917,-7
9918,-6
9919,8
9920,18
9921,19
9922,11
9923,9
9924,-3
9925,-8
9926,-15
9927,-7
9928,-12
9929,-2
9930,7
9931,14
9932,20
9933,8
9934,-4
9935,-14
9936,-17
9937,-12
9938,-10
9939,2
9940,14
9941,19
9942,17
9943,17
9944,-2
9945,-12
9946,-18
9947,-7
9948,-5
9949,9
9950,11
9951,23
9952,16
9953,11
9954,-2
9955,-5
9956,-12
9957,-10
9958,-11
9959,8
9960,16
9961,17
9962,20
9963,19
9964,1
9965,-8
9966,-8
9967,-12
9968,-1
9969,20
9970,20
9971,20
9972,16
9973,3
9974,0
9975,-11
9976,-11
9977,-13
9978,-9
9979,4
9980,18
9981,18
9982,20
9983,10
9984,-2
9985,-4
9986,-12
9987,-8
9988,-1
9989,13
9990,17
9991,19
9992,15
9993,15
9994,2
9995,0
9996,-3
9997,-5
9998,2
9999,7