0,-23
1,-23
2,-24
3,-24
4,-24
5,-24
6,-24
7,-23
8,-23
9,-23
10,-22
11,-22
12,-22
13,-22
14,-21
15,-21
16,-21
17,-21
18,-20
19,-20
20,-20
21,-20
22,-20
23,-20
24,-20
25,-20
26,-20
27,-19
28,-19
29,-19
30,-19
31,-18
32,-18
33,-18
34,-18
35,-17
36,-17
37,-17
38,-17
39,-17
40,-16
41,-16
42,-15
43,-14
44,-14
45,-13
46,-13
47,-12
48,-12
49,-12
50,-12
51,-13
52,-13
53,-12
54,-12
55,-11
56,-10
57,-10
58,-9
59,-8
60,-7
61,-6
62,-5
63,-4
64,-2
65,-1
66,1
67,2
68,4
69,5
70,5
71,6
72,6
73,6
74,7
75,7
76,8
77,9
78,11
79,13
80,15
81,17
82,19
83,20
84,21
85,22
86,23
87,24
88,25
89,25
90,25
91,25
92,25
93,24
94,24
95,23
96,22
97,21
98,21
99,20
100,20
101,20
102,20
103,19
104,18
105,17
106,15
107,13
108,10
109,8
110,5
111,3
112,2
113,0
114,-1
115,-2
116,-3
117,-4
118,-5
119,-7
120,-9
121,-11
122,-12
123,-13
124,-13
125,-12
126,-10
127,-7
128,-3
129,0
130,3
131,5
132,6
133,7
134,7
135,6
136,5
137,5
138,5
139,5
140,6
141,6
142,7
143,8
144,9
145,10
146,10
147,10
148,10
149,11
150,11
151,12
152,12
153,13
154,13
155,14
156,14
157,14
158,14
159,14
160,13
161,13
162,13
163,12
164,12
165,12
166,13
167,13
168,14
169,14
170,14
171,15
172,15
173,15
174,15
175,14
176,14
177,14
178,14
179,13
180,13
181,13
182,13
183,13
184,13
185,12
186,12
187,12
188,13
189,13
190,13
191,14
192,14
193,15
194,15
195,15
196,15
197,14
198,14
199,13
200,13
201,12
202,11
203,11
204,11
205,10
206,10
207,10
208,10
209,10
210,9
211,9
212,9
213,8
214,7
215,7
216,6
217,6
218,5
219,5
220,6
221,6
222,7
223,8
224,9
225,9
226,9
227,9
228,9
229,9
230,9
231,9
232,10
233,10
234,10
235,10
236,9
237,8
238,7
239,6
240,4
241,4
242,4
243,4
244,5
245,7
246,8
247,8
248,9
249,9
250,8
251,7
252,6
253,5
254,5
255,6
256,6
257,7
258,9
259,10
260,11
261,12
262,12
263,12
264,13
265,12
266,12
267,12
268,11
269,11
270,10
271,9
272,9
273,8
274,9
275,10
276,11
277,12
278,14
279,15
280,16
281,17
282,16
283,15
284,14
285,13
286,11
287,10
288,9
289,8
290,8
291,7
292,6
293,4
294,3
295,2
296,2
297,1
298,1
299,2
300,3
301,3
302,4
303,4
304,4
305,4
306,4
307,3
308,3
309,3
310,2
311,2
312,1
313,1
314,0
315,-1
316,-2
317,-2
318,-2
319,-2
320,-2
321,-2
322,-2
323,-2
324,-3
325,-3
326,-4
327,-5
328,-6
329,-6
330,-6
331,-6
332,-6
333,-5
334,-5
335,-6
336,-7
337,-8
338,-9
339,-9
340,-7
341,-3
342,5
343,15
344,28
345,44
346,61
347,78
348,94
349,107
350,118
351,124
352,125
353,120
354,111
355,97
356,79
357,59
358,38
359,18
360,0
361,-14
362,-24
363,-29
364,-30
365,-28
366,-23
367,-18
368,-12
369,-8
370,-5
371,-3
372,-3
373,-4
374,-5
375,-7
376,-7
377,-8
378,-8
379,-8
380,-8
381,-7
382,-7
383,-7
384,-8
385,-8
386,-8
387,-9
388,-9
389,-9
390,-9
391,-9
392,-9
393,-8
394,-8
395,-7
396,-6
397,-6
398,-5
399,-5
400,-5
401,-5
402,-5
403,-5
404,-5
405,-5
406,-6
407,-6
408,-6
409,-6
410,-5
411,-5
412,-4
413,-4
414,-3
415,-2
416,-2
417,-2
418,-2
419,-2
420,-2
421,-2
422,-2
423,-2
424,-1
425,0
426,1
427,2
428,3
429,4
430,5
431,5
432,6
433,6
434,7
435,8
436,9
437,10
438,11
439,13
440,14
441,14
442,15
443,15
444,15
445,15
446,15
447,16
448,17
449,18
450,19
451,21
452,23
453,24
454,26
455,27
456,28
457,28
458,29
459,29
460,29
461,29
462,29
463,30
464,30
465,31
466,32
467,33
468,34
469,35
470,35
471,34
472,33
473,31
474,28
475,26
476,24
477,23
478,22
479,21
480,20
481,19
482,17
483,15
484,12
485,9
486,6
487,3
488,1
489,-1
490,-1
491,-1
492,-1
493,-1
494,-1
495,-2
496,-3
497,-5
498,-7
499,-8
500,-9
501,-10
502,-10
503,-10
504,-9
505,-10
506,-10
507,-11
508,-12
509,-14
510,-15
511,-15
512,-16
513,-16
514,-15
515,-14
516,-13
517,-12
518,-12
519,-11
520,-11
521,-11
522,-11
523,-11
524,-11
525,-11
526,-11
527,-11
528,-12
529,-12
530,-13
531,-13
532,-13
533,-13
534,-12
535,-12
536,-11
537,-11
538,-11
539,-10
540,-11
541,-11
542,-11
543,-12
544,-12
545,-12
546,-12
547,-12
548,-12
549,-13
550,-13
551,-13
552,-14
553,-14
554,-14
555,-14
556,-13
557,-13
558,-12
559,-11
560,-11
561,-10
562,-11
563,-11
564,-11
565,-12
566,-12
567,-12
568,-12
569,-11
570,-11
571,-10
572,-9
573,-8
574,-8
575,-7
576,-7
577,-7
578,-7
579,-7
580,-7
581,-7
582,-7
583,-7
584,-6
585,-6
586,-6
587,-7
588,-7
589,-7
590,-8
591,-9
592,-9
593,-10
594,-10
595,-10
596,-10
597,-10
598,-10
599,-10
600,-10
601,-10
602,-11
603,-11
604,-12
605,-12
606,-13
607,-13
608,-13
609,-12
610,-12
611,-12
612,-12
613,-12
614,-12
615,-12
616,-12
617,-12
618,-12
619,-12
620,-12
621,-11
622,-10
623,-10
624,-9
625,-9
626,-8
627,-8
628,-8
629,-7
630,-7
631,-6
632,-6
633,-5
634,-5
635,-4
636,-4
637,-4
638,-4
639,-4
640,-4
641,-4
642,-5
643,-5
644,-6
645,-6
646,-7
647,-7
648,-7
649,-6
650,-6
651,-5
652,-3
653,-2
654,-1
655,0
656,0
657,0
658,0
659,-1
660,-2
661,-3
662,-4
663,-5
664,-6
665,-7
666,-8
667,-9
668,-11
669,-12
670,-14
671,-15
672,-16
673,-16
674,-16
675,-16
676,-15
677,-15
678,-15
679,-15
680,-15
681,-15
682,-15
683,-15
684,-15
685,-15
686,-15
687,-15
688,-16
689,-16
690,-17
691,-18
692,-19
693,-19
694,-19
695,-19
696,-18
697,-17
698,-17
699,-17
700,-17
701,-18
702,-19
703,-20
704,-21
705,-21
706,-21
707,-21
708,-21
709,-21
710,-22
711,-23
712,-25
713,-26
714,-26
715,-24
716,-19
717,-11
718,-1
719,12
720,28
721,45
722,62
723,79
724,94
725,106
726,115
727,119
728,118
729,111
730,99
731,82
732,62
733,40
734,17
735,-3
736,-19
737,-30
738,-36
739,-37
740,-34
741,-28
742,-22
743,-16
744,-12
745,-11
746,-11
747,-13
748,-15
749,-17
750,-19
751,-20
752,-20
753,-19
754,-18
755,-17
756,-17
757,-16
758,-16
759,-16
760,-16
761,-16
762,-16
763,-15
764,-14
765,-14
766,-13
767,-13
768,-13
769,-14
770,-14
771,-14
772,-13
773,-13
774,-12
775,-11
776,-10
777,-9
778,-9
779,-8
780,-8
781,-7
782,-7
783,-6
784,-5
785,-5
786,-4
787,-3
788,-3
789,-3
790,-3
791,-4
792,-4
793,-4
794,-4
795,-4
796,-3
797,-2
798,-1
799,1
800,2
801,3
802,4
803,4
804,4
805,4
806,4
807,3
808,3
809,2
810,2
811,3
812,4
813,5
814,7
815,9
816,12
817,14
818,15
819,17
820,18
821,19
822,20
823,21
824,22
825,23
826,25
827,26
828,28
829,29
830,31
831,32
832,32
833,33
834,33
835,33
836,34
837,35
838,35
839,35
840,35
841,35
842,34
843,33
844,31
845,30
846,29
847,28
848,28
849,28
850,28
851,28
852,27
853,26
854,24
855,22
856,18
857,15
858,12
859,9
860,7
861,6
862,6
863,5
864,5
865,4
866,4
867,2
868,0
869,-2
870,-4
871,-6
872,-7
873,-8
874,-9
875,-9
876,-9
877,-9
878,-10
879,-10
880,-11
881,-12
882,-12
883,-13
884,-13
885,-14
886,-14
887,-13
888,-13
889,-12
890,-12
891,-12
892,-11
893,-11
894,-12
895,-12
896,-12
897,-12
898,-12
899,-12
900,-13
901,-13
902,-13
903,-13
904,-13
905,-14
906,-14
907,-14
908,-15
909,-15
910,-16
911,-17
912,-18
913,-18
914,-19
915,-19
916,-19
917,-18
918,-17
919,-16
920,-15
921,-14
922,-13
923,-13
924,-13
925,-13
926,-13
927,-14
928,-14
929,-14
930,-13
931,-13
932,-12
933,-12
934,-11
935,-11
936,-12
937,-12
938,-13
939,-13
940,-14
941,-14
942,-15
943,-15
944,-15
945,-15
946,-15
947,-15
948,-15
949,-15
950,-15
951,-16
952,-16
953,-16
954,-16
955,-16
956,-16
957,-16
958,-16
959,-16
960,-16
961,-16
962,-16
963,-17
964,-17
965,-17
966,-17
967,-18
968,-18
969,-19
970,-19
971,-20
972,-20
973,-20
974,-20
975,-20
976,-20
977,-20
978,-20
979,-20
980,-20
981,-21
982,-21
983,-22
984,-22
985,-22
986,-23
987,-23
988,-23
989,-23
990,-23
991,-23
992,-23
993,-23
994,-23
995,-22
996,-22
997,-22
998,-21
999,-21
1000,-21
1001,-22
1002,-22
1003,-23
1004,-24
1005,-24
1006,-25
1007,-24
1008,-24
1009,-22
1010,-21
1011,-20
1012,-19
1013,-18
1014,-19
1015,-20
1016,-21
1017,-22
1018,-23
1019,-24
1020,-24
1021,-24
1022,-24
1023,-23
1024,-23
1025,-23
1026,-23
1027,-22
1028,-22
1029,-21
1030,-19
1031,-17
1032,-14
1033,-11
1034,-8
1035,-5
1036,-2
1037,0
1038,1
1039,2
1040,3
1041,3
1042,3
1043,3
1044,4
1045,4
1046,5
1047,6
1048,8
1049,9
1050,10
1051,12
1052,13
1053,14
1054,15
1055,16
1056,16
1057,16
1058,17
1059,17
1060,17
1061,17
1062,16
1063,16
1064,16
1065,15
1066,15
1067,14
1068,13
1069,13
1070,12
1071,11
1072,11
1073,10
1074,9
1075,8
1076,8
1077,7
1078,6
1079,6
1080,6
1081,6
1082,6
1083,7
1084,7
1085,7
1086,7
1087,6
1088,5
1089,4
1090,3
1091,2
1092,1
1093,0
1094,-1
1095,-1
1096,-1
1097,-1
1098,-1
1099,0
1100,0
1101,1
1102,1
1103,2
1104,2
1105,1
1106,1
1107,1
1108,0
1109,0
1110,0
1111,0
1112,-1
1113,-1
1114,-1
1115,-2
1116,-4
1117,-5
1118,-7
1119,-8
1120,-9
1121,-8
1122,-5
1123,0
1124,8
1125,18
1126,31
1127,46
1128,62
1129,80
1130,98
1131,115
1132,130
1133,141
1134,147
1135,147
1136,141
1137,128
1138,110
1139,88
1140,64
1141,41
1142,20
1143,3
1144,-9
1145,-15
1146,-17
1147,-15
1148,-11
1149,-7
1150,-2
1151,1
1152,2
1153,3
1154,3
1155,3
1156,3
1157,4
1158,5
1159,6
1160,6
1161,7
1162,7
1163,6
1164,5
1165,4
1166,3
1167,2
1168,2
1169,3
1170,4
1171,5
1172,6
1173,6
1174,7
1175,6
1176,6
1177,5
1178,5
1179,5
1180,4
1181,4
1182,4
1183,4
1184,4
1185,4
1186,4
1187,4
1188,4
1189,4
1190,5
1191,5
1192,6
1193,7
1194,8
1195,8
1196,9
1197,9
1198,9
1199,9
1200,9
1201,8
1202,8
1203,8
1204,9
1205,9
1206,9
1207,10
1208,10
1209,10
1210,11
1211,11
1212,12
1213,13
1214,14
1215,15
1216,16
1217,17
1218,18
1219,18
1220,19
1221,19
1222,19
1223,20
1224,21
1225,22
1226,24
1227,26
1228,28
1229,30
1230,33
1231,34
1232,36
1233,37
1234,37
1235,38
1236,38
1237,38
1238,38
1239,38
1240,39
1241,40
1242,41
1243,41
1244,42
1245,43
1246,43
1247,43
1248,42
1249,41
1250,40
1251,39
1252,38
1253,37
1254,37
1255,36
1256,35
1257,34
1258,32
1259,30
1260,27
1261,24
1262,21
1263,18
1264,15
1265,13
1266,11
1267,10
1268,9
1269,9
1270,8
1271,6
1272,5
1273,3
1274,1
1275,-1
1276,-3
1277,-4
1278,-5
1279,-6
1280,-6
1281,-7
1282,-7
1283,-8
1284,-10
1285,-11
1286,-12
1287,-13
1288,-13
1289,-13
1290,-13
1291,-12
1292,-12
1293,-12
1294,-13
1295,-14
1296,-15
1297,-16
1298,-18
1299,-18
1300,-18
1301,-18
1302,-17
1303,-16
1304,-15
1305,-15
1306,-15
1307,-16
1308,-17
1309,-18
1310,-19
1311,-20
1312,-20
1313,-20
1314,-20
1315,-18
1316,-17
1317,-15
1318,-14
1319,-13
1320,-12
1321,-13
1322,-13
1323,-14
1324,-15
1325,-16
1326,-17
1327,-17
1328,-18
1329,-18
1330,-18
1331,-17
1332,-17
1333,-16
1334,-16
1335,-15
1336,-15
1337,-14
1338,-14
1339,-14
1340,-14
1341,-15
1342,-15
1343,-16
1344,-17
1345,-17
1346,-17
1347,-17
1348,-17
1349,-16
1350,-16
1351,-15
1352,-15
1353,-15
1354,-15
1355,-15
1356,-16
1357,-16
1358,-16
1359,-16
1360,-16
1361,-16
1362,-16
1363,-16
1364,-17
1365,-18
1366,-18
1367,-19
1368,-19
1369,-20
1370,-20
1371,-20
1372,-19
1373,-19
1374,-19
1375,-18
1376,-18
1377,-18
1378,-18
1379,-18
1380,-19
1381,-19
1382,-19
1383,-18
1384,-18
1385,-17
1386,-16
1387,-15
1388,-14
1389,-14
1390,-13
1391,-13
1392,-13
1393,-14
1394,-15
1395,-16
1396,-18
1397,-19
1398,-19
1399,-20
1400,-19
1401,-19
1402,-18
1403,-16
1404,-16
1405,-15
1406,-15
1407,-15
1408,-16
1409,-17
1410,-17
1411,-18
1412,-19
1413,-19
1414,-19
1415,-19
1416,-19
1417,-19
1418,-19
1419,-19
1420,-20
1421,-20
1422,-20
1423,-20
1424,-20
1425,-20
1426,-20
1427,-20
1428,-20
1429,-19
1430,-19
1431,-19
1432,-18
1433,-17
1434,-17
1435,-16
1436,-15
1437,-15
1438,-14
1439,-14
1440,-15
1441,-15
1442,-16
1443,-17
1444,-18
1445,-18
1446,-18
1447,-18
1448,-18
1449,-17
1450,-17
1451,-16
1452,-16
1453,-16
1454,-16
1455,-16
1456,-16
1457,-17
1458,-17
1459,-17
1460,-16
1461,-16
1462,-16
1463,-15
1464,-15
1465,-14
1466,-14
1467,-13
1468,-13
1469,-13
1470,-13
1471,-13
1472,-13
1473,-14
1474,-15
1475,-16
1476,-16
1477,-17
1478,-17
1479,-17
1480,-16
1481,-15
1482,-15
1483,-14
1484,-14
1485,-14
1486,-14
1487,-14
1488,-14
1489,-14
1490,-13
1491,-13
1492,-12
1493,-12
1494,-11
1495,-11
1496,-11
1497,-11
1498,-11
1499,-11
1500,-11
1501,-11
1502,-11
1503,-10
1504,-10
1505,-9
1506,-9
1507,-8
1508,-8
1509,-7
1510,-6
1511,-5
1512,-4
1513,-4
1514,-3
1515,-2
1516,-1
1517,-1
1518,-1
1519,-1
1520,-1
1521,-1
1522,-2
1523,-2
1524,-2
1525,-2
1526,-2
1527,-2
1528,-2
1529,-2
1530,-3
1531,-3
1532,-4
1533,-5
1534,-6
1535,-8
1536,-9
1537,-11
1538,-12
1539,-14
1540,-15
1541,-15
1542,-16
1543,-16
1544,-15
1545,-14
1546,-14
1547,-13
1548,-12
1549,-12
1550,-11
1551,-11
1552,-12
1553,-12
1554,-13
1555,-13
1556,-14
1557,-15
1558,-15
1559,-16
1560,-17
1561,-17
1562,-17
1563,-17
1564,-17
1565,-17
1566,-17
1567,-17
1568,-17
1569,-17
1570,-17
1571,-17
1572,-16
1573,-16
1574,-15
1575,-15
1576,-14
1577,-14
1578,-14
1579,-15
1580,-16
1581,-17
1582,-18
1583,-19
1584,-19
1585,-18
1586,-16
1587,-12
1588,-6
1589,3
1590,14
1591,27
1592,43
1593,61
1594,79
1595,97
1596,112
1597,125
1598,133
1599,134
1600,130
1601,118
1602,101
1603,80
1604,56
1605,33
1606,11
1607,-7
1608,-20
1609,-27
1610,-30
1611,-30
1612,-27
1613,-22
1614,-18
1615,-15
1616,-12
1617,-10
1618,-9
1619,-9
1620,-8
1621,-7
1622,-6
1623,-5
1624,-4
1625,-3
1626,-3
1627,-3
1628,-4
1629,-4
1630,-5
1631,-5
1632,-5
1633,-5
1634,-5
1635,-5
1636,-4
1637,-5
1638,-5
1639,-5
1640,-5
1641,-4
1642,-4
1643,-3
1644,-3
1645,-2
1646,-2
1647,-1
1648,-1
1649,-1
1650,-1
1651,-2
1652,-2
1653,-2
1654,-1
1655,-2
1656,-2
1657,-2
1658,-2
1659,-2
1660,-2
1661,-2
1662,-2
1663,-1
1664,0
1665,1
1666,2
1667,3
1668,3
1669,4
1670,4
1671,5
1672,5
1673,6
1674,7
1675,8
1676,10
1677,11
1678,12
1679,12
1680,13
1681,13
1682,13
1683,13
1684,13
1685,14
1686,15
1687,17
1688,18
1689,19
1690,21
1691,22
1692,23
1693,24
1694,25
1695,26
1696,27
1697,29
1698,30
1699,32
1700,33
1701,35
1702,36
1703,37
1704,37
1705,38
1706,39
1707,39
1708,40
1709,41
1710,42
1711,42
1712,43
1713,44
1714,45
1715,45
1716,45
1717,44
1718,43
1719,41
1720,39
1721,36
1722,34
1723,31
1724,29
1725,28
1726,27
1727,27
1728,27
1729,27
1730,26
1731,25
1732,23
1733,20
1734,16
1735,13
1736,9
1737,6
1738,4
1739,3
1740,3
1741,3
1742,3
1743,3
1744,3
1745,2
1746,0
1747,-1
1748,-3
1749,-5
1750,-5
1751,-6
1752,-6
1753,-6
1754,-6
1755,-6
1756,-6
1757,-6
1758,-7
1759,-7
1760,-8
1761,-9
1762,-10
1763,-10
1764,-10
1765,-10
1766,-10
1767,-10
1768,-9
1769,-9
1770,-9
1771,-10
1772,-10
1773,-11
1774,-11
1775,-11
1776,-11
1777,-11
1778,-10
1779,-10
1780,-9
1781,-8
1782,-7
1783,-6
1784,-6
1785,-7
1786,-8
1787,-9
1788,-10
1789,-11
1790,-12
1791,-12
1792,-13
1793,-13
1794,-13
1795,-13
1796,-12
1797,-11
1798,-10
1799,-10
1800,-9
1801,-9
1802,-9
1803,-9
1804,-10
1805,-10
1806,-11
1807,-11
1808,-11
1809,-11
1810,-10
1811,-8
1812,-6
1813,-5
1814,-4
1815,-3
1816,-3
1817,-4
1818,-5
1819,-6
1820,-8
1821,-9
1822,-9
1823,-9
1824,-9
1825,-8
1826,-7
1827,-6
1828,-6
1829,-5
1830,-5
1831,-5
1832,-5
1833,-6
1834,-6
1835,-7
1836,-7
1837,-8
1838,-8
1839,-9
1840,-9
1841,-10
1842,-10
1843,-11
1844,-12
1845,-12
1846,-12
1847,-12
1848,-11
1849,-10
1850,-9
1851,-8
1852,-7
1853,-7
1854,-7
1855,-8
1856,-9
1857,-11
1858,-12
1859,-14
1860,-14
1861,-15
1862,-15
1863,-14
1864,-14
1865,-13
1866,-13
1867,-13
1868,-13
1869,-14
1870,-14
1871,-15
1872,-15
1873,-15
1874,-14
1875,-14
1876,-13
1877,-12
1878,-11
1879,-11
1880,-10
1881,-10
1882,-10
1883,-10
1884,-10
1885,-10
1886,-11
1887,-11
1888,-12
1889,-13
1890,-14
1891,-15
1892,-15
1893,-16
1894,-16
1895,-15
1896,-14
1897,-13
1898,-12
1899,-11
1900,-11
1901,-11
1902,-12
1903,-13
1904,-13
1905,-14
1906,-15
1907,-16
1908,-17
1909,-17
1910,-18
1911,-18
1912,-18
1913,-18
1914,-18
1915,-18
1916,-17
1917,-17
1918,-16
1919,-16
1920,-15
1921,-14
1922,-14
1923,-13
1924,-13
1925,-13
1926,-13
1927,-13
1928,-14
1929,-14
1930,-15
1931,-15
1932,-15
1933,-14
1934,-14
1935,-13
1936,-12
1937,-11
1938,-9
1939,-8
1940,-7
1941,-7
1942,-6
1943,-5
1944,-4
1945,-3
1946,-2
1947,0
1948,1
1949,2
1950,3
1951,4
1952,4
1953,5
1954,5
1955,6
1956,6
1957,7
1958,8
1959,9
1960,9
1961,10
1962,11
1963,12
1964,12
1965,12
1966,12
1967,12
1968,12
1969,12
1970,13
1971,13
1972,14
1973,15
1974,16
1975,17
1976,18
1977,18
1978,19
1979,20
1980,21
1981,22
1982,22
1983,23
1984,23
1985,23
1986,23
1987,23
1988,23
1989,22
1990,21
1991,20
1992,20
1993,20
1994,19
1995,19
1996,19
1997,19
1998,19
1999,19
2000,18
2001,17
2002,17
2003,16
2004,15
2005,15
2006,15
2007,14
2008,14
2009,13
2010,12
2011,11
2012,10
2013,9
2014,8
2015,8
2016,7
2017,7
2018,8
2019,8
2020,7
2021,7
2022,6
2023,5
2024,4
2025,3
2026,2
2027,2
2028,2
2029,3
2030,4
2031,5
2032,6
2033,7
2034,8
2035,8
2036,8
2037,7
2038,6
2039,5
2040,4
2041,3
2042,3
2043,3
2044,3
2045,3
2046,3
2047,3
2048,2
2049,1
2050,-1
2051,-2
2052,-3
2053,-3
2054,-1
2055,3
2056,9
2057,18
2058,29
2059,42
2060,57
2061,73
2062,89
2063,104
2064,117
2065,126
2066,131
2067,131
2068,126
2069,114
2070,98
2071,78
2072,56
2073,33
2074,13
2075,-3
2076,-15
2077,-21
2078,-23
2079,-20
2080,-16
2081,-10
2082,-4
2083,1
2084,4
2085,6
2086,6
2087,6
2088,6
2089,6
2090,6
2091,7
2092,8
2093,8
2094,8
2095,8
2096,7
2097,6
2098,5
2099,4
2100,3
2101,3
2102,3
2103,3
2104,4
2105,4
2106,5
2107,5
2108,5
2109,6
2110,6
2111,5
2112,5
2113,5
2114,5
2115,5
2116,5
2117,5
2118,6
2119,6
2120,6
2121,6
2122,6
2123,6
2124,6
2125,6
2126,6
2127,7
2128,7
2129,8
2130,9
2131,10
2132,11
2133,12
2134,13
2135,13
2136,14
2137,13
2138,13
2139,12
2140,11
2141,10
2142,10
2143,10
2144,10
2145,11
2146,11
2147,12
2148,13
2149,14
2150,15
2151,16
2152,17
2153,19
2154,20
2155,22
2156,24
2157,25
2158,26
2159,27
2160,28
2161,28
2162,28
2163,29
2164,29
2165,30
2166,31
2167,33
2168,34
2169,36
2170,37
2171,38
2172,38
2173,38
2174,38
2175,38
2176,37
2177,37
2178,37
2179,37
2180,38
2181,39
2182,39
2183,39
2184,39
2185,38
2186,38
2187,36
2188,35
2189,33
2190,31
2191,29
2192,27
2193,25
2194,22
2195,20
2196,18
2197,15
2198,12
2199,10
2200,8
2201,6
2202,4
2203,2
2204,1
2205,0
2206,-2
2207,-3
2208,-4
2209,-5
2210,-6
2211,-8
2212,-9
2213,-10
2214,-11
2215,-11
2216,-12
2217,-12
2218,-13
2219,-13
2220,-14
2221,-16
2222,-17
2223,-19
2224,-20
2225,-21
2226,-22
2227,-22
2228,-22
2229,-22
2230,-21
2231,-21
2232,-20
2233,-20
2234,-20
2235,-20
2236,-21
2237,-21
2238,-21
2239,-21
2240,-21
2241,-21
2242,-21
2243,-21
2244,-22
2245,-22
2246,-23
2247,-23
2248,-23
2249,-24
2250,-24
2251,-23
2252,-23
2253,-22
2254,-22
2255,-21
2256,-21
2257,-21
2258,-21
2259,-21
2260,-21
2261,-22
2262,-22
2263,-22
2264,-22
2265,-21
2266,-21
2267,-20
2268,-19
2269,-19
2270,-18
2271,-18
2272,-18
2273,-19
2274,-20
2275,-20
2276,-21
2277,-21
2278,-21
2279,-21
2280,-20
2281,-18
2282,-17
2283,-16
2284,-15
2285,-14
2286,-14
2287,-15
2288,-16
2289,-17
2290,-18
2291,-19
2292,-19
2293,-19
2294,-18
2295,-18
2296,-17
2297,-17
2298,-17
2299,-17
2300,-17
2301,-18
2302,-18
2303,-18
2304,-18
2305,-18
2306,-17
2307,-16
2308,-16
2309,-16
2310,-16
2311,-17
2312,-18
2313,-19
2314,-20
2315,-20
2316,-21
2317,-21
2318,-22
2319,-21
2320,-21
2321,-21
2322,-21
2323,-20
2324,-20
2325,-19
2326,-19
2327,-19
2328,-19
2329,-19
2330,-20
2331,-20
2332,-21
2333,-21
2334,-21
2335,-22
2336,-22
2337,-22
2338,-22
2339,-22
2340,-23
2341,-23
2342,-23
2343,-24
2344,-24
2345,-24
2346,-23
2347,-22
2348,-21
2349,-20
2350,-19
2351,-18
2352,-18
2353,-18
2354,-18
2355,-19
2356,-20
2357,-21
2358,-21
2359,-22
2360,-22
2361,-21
2362,-21
2363,-20
2364,-19
2365,-19
2366,-18
2367,-18
2368,-18
2369,-19
2370,-19
2371,-20
2372,-21
2373,-22
2374,-22
2375,-23
2376,-22
2377,-22
2378,-21
2379,-20
2380,-19
2381,-18
2382,-17
2383,-17
2384,-18
2385,-19
2386,-21
2387,-22
2388,-23
2389,-24
2390,-25
2391,-24
2392,-23
2393,-22
2394,-21
2395,-19
2396,-18
2397,-17
2398,-17
2399,-17
2400,-17
2401,-18
2402,-18
2403,-19
2404,-19
2405,-19
2406,-19
2407,-19
2408,-19
2409,-18
2410,-18
2411,-18
2412,-18
2413,-18
2414,-18
2415,-18
2416,-19
2417,-19
2418,-19
2419,-20
2420,-20
2421,-20
2422,-20
2423,-19
2424,-18
2425,-17
2426,-16
2427,-15
2428,-13
2429,-12
2430,-12
2431,-11
2432,-11
2433,-11
2434,-11
2435,-11
2436,-11
2437,-10
2438,-10
2439,-10
2440,-9
2441,-8
2442,-7
2443,-7
2444,-6
2445,-5
2446,-5
2447,-5
2448,-5
2449,-5
2450,-6
2451,-6
2452,-7
2453,-8
2454,-8
2455,-9
2456,-9
2457,-10
2458,-10
2459,-11
2460,-12
2461,-12
2462,-13
2463,-14
2464,-14
2465,-15
2466,-15
2467,-15
2468,-15
2469,-16
2470,-16
2471,-16
2472,-16
2473,-17
2474,-18
2475,-18
2476,-19
2477,-20
2478,-20
2479,-21
2480,-21
2481,-21
2482,-21
2483,-21
2484,-21
2485,-21
2486,-20
2487,-20
2488,-20
2489,-20
2490,-20
2491,-19
2492,-19
2493,-18
2494,-17
2495,-17
2496,-17
2497,-17
2498,-17
2499,-17
2500,-18
2501,-19
2502,-19
2503,-20
2504,-20
2505,-21
2506,-21
2507,-22
2508,-23
2509,-23
2510,-24
2511,-23
2512,-22
2513,-18
2514,-13
2515,-4
2516,6
2517,20
2518,35
2519,52
2520,70
2521,87
2522,102
2523,114
2524,121
2525,122
2526,118
2527,108
2528,93
2529,73
2530,52
2531,30
2532,9
2533,-8
2534,-21
2535,-29
2536,-33
2537,-33
2538,-30
2539,-27
2540,-23
2541,-19
2542,-17
2543,-15
2544,-15
2545,-15
2546,-15
2547,-14
2548,-14
2549,-13
2550,-12
2551,-11
2552,-10
2553,-10
2554,-10
2555,-10
2556,-10
2557,-10
2558,-10
2559,-9
2560,-9
2561,-9
2562,-9
2563,-9
2564,-9
2565,-9
2566,-9
2567,-8
2568,-8
2569,-7
2570,-7
2571,-6
2572,-6
2573,-6
2574,-6
2575,-6
2576,-6
2577,-6
2578,-6
2579,-6
2580,-5
2581,-4
2582,-3
2583,-2
2584,-1
2585,-1
2586,0
2587,0
2588,0
2589,0
2590,0
2591,0
2592,0
2593,0
2594,1
2595,1
2596,2
2597,3
2598,3
2599,4
2600,4
2601,4
2602,5
2603,5
2604,5
2605,5
2606,6
2607,7
2608,8
2609,9
2610,10
2611,11
2612,12
2613,13
2614,14
2615,15
2616,16
2617,17
2618,18
2619,19
2620,20
2621,21
2622,23
2623,24
2624,26
2625,27
2626,29
2627,30
2628,32
2629,33
2630,34
2631,35
2632,35
2633,36
2634,37
2635,37
2636,37
2637,37
2638,37
2639,37
2640,37
2641,37
2642,37
2643,37
2644,37
2645,36
2646,36
2647,36
2648,35
2649,34
2650,33
2651,31
2652,29
2653,27
2654,25
2655,23
2656,21
2657,20
2658,18
2659,16
2660,14
2661,12
2662,10
2663,7
2664,5
2665,3
2666,1
2667,0
2668,-1
2669,-1
2670,-1
2671,-1
2672,-1
2673,-1
2674,-2
2675,-3
2676,-3
2677,-4
2678,-5
2679,-6
2680,-7
2681,-7
2682,-7
2683,-7
2684,-6
2685,-6
2686,-5
2687,-5
2688,-5
2689,-5
2690,-6
2691,-7
2692,-8
2693,-9
2694,-10
2695,-11
2696,-12
2697,-13
2698,-13
2699,-12
2700,-12
2701,-11
2702,-10
2703,-10
2704,-9
2705,-8
2706,-8
2707,-7
2708,-7
2709,-6
2710,-6
2711,-6
2712,-6
2713,-6
2714,-7
2715,-7
2716,-8
2717,-8
2718,-8
2719,-8
2720,-7
2721,-7
2722,-6
2723,-5
2724,-4
2725,-3
2726,-3
2727,-3
2728,-2
2729,-2
2730,-2
2731,-2
2732,-2
2733,-2
2734,-2
2735,-2
2736,-2
2737,-3
2738,-4
2739,-4
2740,-5
2741,-5
2742,-6
2743,-6
2744,-5
2745,-5
2746,-5
2747,-5
2748,-5
2749,-5
2750,-5
2751,-6
2752,-6
2753,-7
2754,-7
2755,-7
2756,-7
2757,-7
2758,-6
2759,-5
2760,-4
2761,-4
2762,-3
2763,-3
2764,-3
2765,-3
2766,-3
2767,-3
2768,-4
2769,-4
2770,-5
2771,-5
2772,-6
2773,-6
2774,-6
2775,-7
2776,-7
2777,-8
2778,-8
2779,-8
2780,-8
2781,-8
2782,-8
2783,-8
2784,-7
2785,-7
2786,-6
2787,-6
2788,-6
2789,-6
2790,-6
2791,-7
2792,-8
2793,-8
2794,-9
2795,-9
2796,-9
2797,-8
2798,-8
2799,-7
2800,-7
2801,-7
2802,-8
2803,-9
2804,-11
2805,-12
2806,-13
2807,-13
2808,-13
2809,-13
2810,-12
2811,-11
2812,-10
2813,-9
2814,-9
2815,-9
2816,-9
2817,-9
2818,-9
2819,-10
2820,-10
2821,-10
2822,-10
2823,-10
2824,-10
2825,-10
2826,-10
2827,-10
2828,-10
2829,-10
2830,-11
2831,-11
2832,-11
2833,-11
2834,-11
2835,-11
2836,-11
2837,-11
2838,-11
2839,-10
2840,-10
2841,-9
2842,-9
2843,-9
2844,-9
2845,-10
2846,-10
2847,-11
2848,-11
2849,-12
2850,-12
2851,-12
2852,-12
2853,-12
2854,-13
2855,-13
2856,-13
2857,-14
2858,-14
2859,-14
2860,-15
2861,-14
2862,-14
2863,-13
2864,-12
2865,-12
2866,-11
2867,-11
2868,-12
2869,-12
2870,-13
2871,-15
2872,-16
2873,-17
2874,-18
2875,-18
2876,-17
2877,-16
2878,-15
2879,-14
2880,-13
2881,-12
2882,-12
2883,-13
2884,-13
2885,-14
2886,-14
2887,-14
2888,-14
2889,-14
2890,-13
2891,-12
2892,-11
2893,-11
2894,-11
2895,-11
2896,-11
2897,-10
2898,-10
2899,-10
2900,-9
2901,-8
2902,-7
2903,-6
2904,-5
2905,-4
2906,-4
2907,-4
2908,-4
2909,-4
2910,-4
2911,-3
2912,-1
2913,0
2914,3
2915,5
2916,7
2917,9
2918,11
2919,13
2920,14
2921,15
2922,16
2923,17
2924,18
2925,18
2926,19
2927,20
2928,20
2929,20
2930,20
2931,19
2932,18
2933,17
2934,16
2935,15
2936,15
2937,15
2938,15
2939,16
2940,17
2941,17
2942,18
2943,18
2944,18
2945,18
2946,18
2947,18
2948,17
2949,17
2950,17
2951,17
2952,16
2953,16
2954,16
2955,15
2956,15
2957,14
2958,14
2959,14
2960,14
2961,14
2962,14
2963,14
2964,14
2965,14
2966,14
2967,13
2968,13
2969,12
2970,11
2971,11
2972,10
2973,9
2974,8
2975,7
2976,6
2977,6
2978,6
2979,8
2980,12
2981,17
2982,26
2983,36
2984,50
2985,65
2986,83
2987,101
2988,119
2989,135
2990,148
2991,156
2992,159
2993,155
2994,145
2995,129
2996,109
2997,86
2998,62
2999,39
3000,20
3001,6
3002,-3
3003,-7
3004,-6
3005,-3
3006,2
3007,7
3008,12
3009,15
3010,17
3011,17
3012,17
3013,17
3014,16
3015,16
3016,17
3017,17
3018,17
3019,18
3020,17
3021,17
3022,16
3023,15
3024,15
3025,14
3026,13
3027,13
3028,13
3029,13
3030,12
3031,12
3032,12
3033,12
3034,12
3035,12
3036,13
3037,13
3038,14
3039,14
3040,15
3041,15
3042,15
3043,15
3044,15
3045,15
3046,15
3047,15
3048,15
3049,16
3050,17
3051,18
3052,19
3053,20
3054,21
3055,21
3056,21
3057,21
3058,21
3059,21
3060,21
3061,21
3062,21
3063,22
3064,22
3065,23
3066,24
3067,24
3068,24
3069,24
3070,24
3071,24
3072,24
3073,24
3074,24
3075,24
3076,25
3077,26
3078,28
3079,29
3080,30
3081,32
3082,33
3083,34
3084,35
3085,37
3086,38
3087,40
3088,41
3089,43
3090,44
3091,46
3092,47
3093,48
3094,49
3095,50
3096,51
3097,51
3098,52
3099,52
3100,53
3101,54
3102,54
3103,55
3104,55
3105,56
3106,56
3107,57
3108,57
3109,57
3110,57
3111,56
3112,55
3113,54
3114,52
3115,49
3116,47
3117,44
3118,42
3119,39
3120,37
3121,35
3122,33
3123,30
3124,28
3125,25
3126,22
3127,19
3128,17
3129,14
3130,13
3131,11
3132,10
3133,9
3134,8
3135,7
3136,5
3137,3
3138,1
3139,-2
3140,-4
3141,-6
3142,-7
3143,-8
3144,-9
3145,-9
3146,-9
3147,-8
3148,-9
3149,-9
3150,-9
3151,-10
3152,-11
3153,-12
3154,-12
3155,-12
3156,-12
3157,-12
3158,-12
3159,-12
3160,-12
3161,-13
3162,-14
3163,-14
3164,-15
3165,-16
3166,-16
3167,-16
3168,-16
3169,-16
3170,-15
3171,-15
3172,-14
3173,-14
3174,-14
3175,-14
3176,-15
3177,-15
3178,-15
3179,-15
3180,-15
3181,-15
3182,-15
3183,-15
3184,-16
3185,-17
3186,-17
3187,-18
3188,-19
3189,-19
3190,-20
3191,-19
3192,-19
3193,-18
3194,-18
3195,-17
3196,-17
3197,-17
3198,-17
3199,-17
3200,-16
3201,-16
3202,-16
3203,-15
3204,-15
3205,-15
3206,-14
3207,-14
3208,-15
3209,-15
3210,-16
3211,-17
3212,-18
3213,-18
3214,-19
3215,-19
3216,-19
3217,-19
3218,-18
3219,-18
3220,-17
3221,-17
3222,-17
3223,-17
3224,-18
3225,-19
3226,-20
3227,-21
3228,-22
3229,-22
3230,-23
3231,-23
3232,-23
3233,-22
3234,-22
3235,-21
3236,-20
3237,-20
3238,-19
3239,-19
3240,-19
3241,-20
3242,-20
3243,-20
3244,-20
3245,-20
3246,-20
3247,-20
3248,-20
3249,-20
3250,-21
3251,-21
3252,-22
3253,-23
3254,-24
3255,-25
3256,-26
3257,-26
3258,-26
3259,-27
3260,-27
3261,-27
3262,-26
3263,-26
3264,-26
3265,-25
3266,-25
3267,-24
3268,-24
3269,-24
3270,-24
3271,-25
3272,-25
3273,-26
3274,-27
3275,-29
3276,-29
3277,-30
3278,-30
3279,-30
3280,-29
3281,-28
3282,-28
3283,-27
3284,-27
3285,-26
3286,-26
3287,-26
3288,-26
3289,-26
3290,-26
3291,-26
3292,-26
3293,-26
3294,-26
3295,-26
3296,-26
3297,-26
3298,-26
3299,-26
3300,-26
3301,-25
3302,-25
3303,-24
3304,-24
3305,-24
3306,-24
3307,-25
3308,-25
3309,-26
3310,-26
3311,-26
3312,-26
3313,-26
3314,-25
3315,-24
3316,-23
3317,-22
3318,-22
3319,-21
3320,-21
3321,-21
3322,-21
3323,-21
3324,-22
3325,-22
3326,-22
3327,-23
3328,-23
3329,-23
3330,-23
3331,-23
3332,-22
3333,-21
3334,-20
3335,-19
3336,-18
3337,-18
3338,-18
3339,-18
3340,-18
3341,-19
3342,-19
3343,-19
3344,-19
3345,-19
3346,-18
3347,-17
3348,-17
3349,-17
3350,-17
3351,-17
3352,-17
3353,-16
3354,-16
3355,-15
3356,-13
3357,-12
3358,-10
3359,-8
3360,-7
3361,-6
3362,-5
3363,-5
3364,-5
3365,-6
3366,-7
3367,-8
3368,-10
3369,-12
3370,-13
3371,-15
3372,-16
3373,-18
3374,-19
3375,-20
3376,-20
3377,-21
3378,-21
3379,-22
3380,-23
3381,-23
3382,-24
3383,-25
3384,-25
3385,-25
3386,-25
3387,-24
3388,-23
3389,-23
3390,-22
3391,-21
3392,-21
3393,-21
3394,-21
3395,-22
3396,-22
3397,-23
3398,-24
3399,-24
3400,-25
3401,-26
3402,-26
3403,-27
3404,-27
3405,-26
3406,-26
3407,-25
3408,-24
3409,-24
3410,-23
3411,-23
3412,-23
3413,-24
3414,-25
3415,-26
3416,-26
3417,-27
3418,-27
3419,-27
3420,-27
3421,-27
3422,-27
3423,-26
3424,-25
3425,-22
3426,-16
3427,-8
3428,3
3429,17
3430,34
3431,51
3432,69
3433,85
3434,98
3435,106
3436,110
3437,108
3438,100
3439,88
3440,71
3441,52
3442,32
3443,12
3444,-6
3445,-20
3446,-31
3447,-38
3448,-41
3449,-40
3450,-37
3451,-32
3452,-26
3453,-21
3454,-17
3455,-15
3456,-13
3457,-13
3458,-13
3459,-13
3460,-13
3461,-12
3462,-12
3463,-12
3464,-12
3465,-13
3466,-14
3467,-15
3468,-16
3469,-17
3470,-17
3471,-17
3472,-16
3473,-15
3474,-13
3475,-12
3476,-11
3477,-10
3478,-10
3479,-10
3480,-10
3481,-11
3482,-11
3483,-11
3484,-11
3485,-11
3486,-10
3487,-10
3488,-9
3489,-9
3490,-9
3491,-9
3492,-9
3493,-9
3494,-9
3495,-9
3496,-9
3497,-9
3498,-8
3499,-8
3500,-7
3501,-6
3502,-4
3503,-3
3504,-2
3505,-1
3506,0
3507,0
3508,1
3509,1
3510,2
3511,2
3512,3
3513,4
3514,4
3515,5
3516,6
3517,6
3518,7
3519,7
3520,6
3521,6
3522,6
3523,6
3524,7
3525,8
3526,9
3527,11
3528,13
3529,15
3530,17
3531,19
3532,20
3533,22
3534,23
3535,24
3536,25
3537,26
3538,27
3539,28
3540,29
3541,30
3542,31
3543,32
3544,32
3545,32
3546,32
3547,32
3548,32
3549,32
3550,32
3551,33
3552,33
3553,34
3554,35
3555,35
3556,36
3557,35
3558,35
3559,34
3560,33
3561,31
3562,30
3563,28
3564,26
3565,24
3566,22
3567,20
3568,18
3569,16
3570,14
3571,12
3572,11
3573,10
3574,9
3575,8
3576,7
3577,6
3578,5
3579,4
3580,2
3581,0
3582,-2
3583,-4
3584,-5
3585,-6
3586,-7
3587,-8
3588,-8
3589,-8
3590,-8
3591,-7
3592,-7
3593,-7
3594,-8
3595,-8
3596,-8
3597,-9
3598,-10
3599,-10
3600,-10
3601,-11
3602,-11
3603,-11
3604,-11
3605,-11
3606,-11
3607,-10
3608,-10
3609,-10
3610,-9
3611,-9
3612,-9
3613,-9
3614,-8
3615,-8
3616,-8
3617,-8
3618,-8
3619,-8
3620,-8
3621,-8
3622,-7
3623,-7
3624,-7
3625,-7
3626,-8
3627,-8
3628,-8
3629,-9
3630,-9
3631,-9
3632,-9
3633,-9
3634,-8
3635,-7
3636,-7
3637,-6
3638,-5
3639,-5
3640,-4
3641,-4
3642,-4
3643,-5
3644,-5
3645,-6
3646,-7
3647,-7
3648,-8
3649,-8
3650,-8
3651,-8
3652,-7
3653,-7
3654,-5
3655,-4
3656,-3
3657,-3
3658,-3
3659,-3
3660,-3
3661,-4
3662,-5
3663,-6
3664,-6
3665,-7
3666,-7
3667,-6
3668,-6
3669,-6
3670,-5
3671,-5
3672,-5
3673,-5
3674,-5
3675,-5
3676,-5
3677,-5
3678,-6
3679,-6
3680,-6
3681,-7
3682,-7
3683,-8
3684,-8
3685,-9
3686,-9
3687,-9
3688,-9
3689,-9
3690,-9
3691,-9
3692,-10
3693,-10
3694,-10
3695,-10
3696,-10
3697,-10
3698,-9
3699,-9
3700,-8
3701,-8
3702,-8
3703,-8
3704,-8
3705,-9
3706,-9
3707,-9
3708,-9
3709,-9
3710,-8
3711,-7
3712,-6
3713,-6
3714,-5
3715,-5
3716,-5
3717,-6
3718,-6
3719,-7
3720,-8
3721,-8
3722,-9
3723,-8
3724,-8
3725,-7
3726,-6
3727,-6
3728,-6
3729,-6
3730,-7
3731,-8
3732,-9
3733,-11
3734,-12
3735,-13
3736,-14
3737,-14
3738,-14
3739,-13
3740,-12
3741,-11
3742,-10
3743,-9
3744,-9
3745,-8
3746,-8
3747,-7
3748,-7
3749,-7
3750,-7
3751,-7
3752,-7
3753,-8
3754,-8
3755,-9
3756,-9
3757,-10
3758,-10
3759,-10
3760,-10
3761,-10
3762,-10
3763,-10
3764,-10
3765,-10
3766,-10
3767,-10
3768,-10
3769,-10
3770,-11
3771,-11
3772,-10
3773,-9
3774,-8
3775,-7
3776,-5
3777,-3
3778,-2
3779,-1
3780,-1
3781,-2
3782,-2
3783,-3
3784,-4
3785,-5
3786,-6
3787,-5
3788,-4
3789,-3
3790,-1
3791,1
3792,2
3793,4
3794,4
3795,5
3796,5
3797,4
3798,4
3799,3
3800,3
3801,3
3802,2
3803,2
3804,1
3805,0
3806,-2
3807,-4
3808,-6
3809,-8
3810,-10
3811,-11
3812,-12
3813,-12
3814,-12
3815,-12
3816,-11
3817,-11
3818,-11
3819,-11
3820,-11
3821,-11
3822,-12
3823,-12
3824,-12
3825,-12
3826,-12
3827,-12
3828,-12
3829,-12
3830,-12
3831,-13
3832,-14
3833,-14
3834,-15
3835,-15
3836,-16
3837,-15
3838,-15
3839,-14
3840,-14
3841,-13
3842,-13
3843,-13
3844,-13
3845,-13
3846,-13
3847,-13
3848,-13
3849,-14
3850,-14
3851,-16
3852,-17
3853,-19
3854,-20
3855,-21
3856,-21
3857,-20
3858,-17
3859,-11
3860,-4
3861,6
3862,18
3863,30
3864,44
3865,58
3866,71
3867,83
3868,92
3869,98
3870,99
3871,97
3872,89
3873,77
3874,61
3875,43
3876,24
3877,6
3878,-10
3879,-22
3880,-30
3881,-33
3882,-32
3883,-29
3884,-24
3885,-18
3886,-14
3887,-11
3888,-9
3889,-10
3890,-11
3891,-12
3892,-13
3893,-13
3894,-12
3895,-11
3896,-9
3897,-8
3898,-7
3899,-8
3900,-9
3901,-11
3902,-13
3903,-14
3904,-16
3905,-16
3906,-16
3907,-15
3908,-13
3909,-12
3910,-10
3911,-9
3912,-9
3913,-8
3914,-9
3915,-9
3916,-9
3917,-9
3918,-9
3919,-9
3920,-8
3921,-7
3922,-7
3923,-6
3924,-6
3925,-6
3926,-6
3927,-5
3928,-3
3929,-1
3930,1
3931,4
3932,7
3933,10
3934,14
3935,16
3936,18
3937,20
3938,22
3939,23
3940,25
3941,26
3942,27
3943,28
3944,29
3945,29
3946,30
3947,30
3948,31
3949,32
3950,34
3951,35
3952,37
3953,39
3954,41
3955,42
3956,43
3957,44
3958,44
3959,43
3960,43
3961,43
3962,44
3963,45
3964,47
3965,49
3966,52
3967,54
3968,56
3969,58
3970,60
3971,61
3972,62
3973,62
3974,63
3975,63
3976,64
3977,64
3978,65
3979,65
3980,65
3981,65
3982,65
3983,64
3984,64
3985,64
3986,64
3987,64
3988,65
3989,65
3990,65
3991,65
3992,64
3993,63
3994,62
3995,60
3996,58
3997,55
3998,53
3999,51
4000,49
4001,47
4002,46
4003,44
4004,42
4005,40
4006,38
4007,36
4008,34
4009,32
4010,31
4011,30
4012,29
4013,28
4014,27
4015,26
4016,26
4017,25
4018,24
4019,23
4020,23
4021,22
4022,22
4023,22
4024,21
4025,21
4026,21
4027,20
4028,19
4029,18
4030,16
4031,15
4032,14
4033,13
4034,13
4035,13
4036,14
4037,15
4038,16
4039,17
4040,17
4041,17
4042,16
4043,15
4044,14
4045,13
4046,12
4047,12
4048,12
4049,12
4050,13
4051,13
4052,13
4053,13
4054,13
4055,13
4056,13
4057,12
4058,12
4059,12
4060,12
4061,12
4062,12
4063,12
4064,12
4065,11
4066,11
4067,11
4068,11
4069,10
4070,10
4071,10
4072,10
4073,10
4074,10
4075,9
4076,9
4077,9
4078,8
4079,8
4080,8
4081,8
4082,8
4083,8
4084,8
4085,8
4086,7
4087,7
4088,6
4089,6
4090,5
4091,4
4092,4
4093,3
4094,3
4095,4
4096,4
4097,4
4098,5
4099,5
4100,5
4101,5
4102,4
4103,3
4104,2
4105,1
4106,0
4107,-1
4108,-1
4109,-2
4110,-2
4111,-2
4112,-1
4113,-1
4114,-1
4115,-1
4116,-1
4117,-1
4118,-2
4119,-2
4120,-2
4121,-3
4122,-3
4123,-4
4124,-4
4125,-4
4126,-4
4127,-4
4128,-4
4129,-3
4130,-3
4131,-3
4132,-3
4133,-3
4134,-4
4135,-4
4136,-4
4137,-5
4138,-6
4139,-6
4140,-7
4141,-8
4142,-9
4143,-10
4144,-10
4145,-10
4146,-9
4147,-8
4148,-7
4149,-6
4150,-5
4151,-5
4152,-5
4153,-6
4154,-8
4155,-10
4156,-12
4157,-13
4158,-14
4159,-15
4160,-14
4161,-13
4162,-12
4163,-10
4164,-9
4165,-9
4166,-9
4167,-9
4168,-10
4169,-11
4170,-12
4171,-13
4172,-14
4173,-15
4174,-16
4175,-16
4176,-17
4177,-17
4178,-17
4179,-17
4180,-17
4181,-17
4182,-17
4183,-16
4184,-15
4185,-14
4186,-14
4187,-13
4188,-13
4189,-14
4190,-14
4191,-14
4192,-14
4193,-14
4194,-14
4195,-13
4196,-12
4197,-11
4198,-10
4199,-9
4200,-8
4201,-8
4202,-9
4203,-10
4204,-11
4205,-12
4206,-13
4207,-14
4208,-14
4209,-13
4210,-12
4211,-11
4212,-9
4213,-6
4214,-4
4215,-3
4216,-1
4217,-1
4218,-1
4219,-2
4220,-3
4221,-4
4222,-6
4223,-7
4224,-8
4225,-9
4226,-9
4227,-9
4228,-9
4229,-10
4230,-10
4231,-11
4232,-12
4233,-13
4234,-15
4235,-17
4236,-18
4237,-20
4238,-21
4239,-21
4240,-22
4241,-22
4242,-22
4243,-22
4244,-22
4245,-22
4246,-21
4247,-21
4248,-21
4249,-20
4250,-20
4251,-20
4252,-21
4253,-21
4254,-22
4255,-23
4256,-25
4257,-26
4258,-26
4259,-26
4260,-26
4261,-26
4262,-25
4263,-24
4264,-23
4265,-22
4266,-22
4267,-22
4268,-22
4269,-23
4270,-24
4271,-25
4272,-26
4273,-26
4274,-27
4275,-28
4276,-28
4277,-29
4278,-29
4279,-29
4280,-28
4281,-26
4282,-23
4283,-17
4284,-9
4285,1
4286,14
4287,29
4288,45
4289,61
4290,76
4291,88
4292,95
4293,98
4294,95
4295,86
4296,72
4297,55
4298,35
4299,16
4300,-3
4301,-18
4302,-30
4303,-37
4304,-41
4305,-41
4306,-39
4307,-35
4308,-31
4309,-28
4310,-25
4311,-23
4312,-22
4313,-21
4314,-20
4315,-20
4316,-20
4317,-19
4318,-19
4319,-19
4320,-19
4321,-19
4322,-20
4323,-20
4324,-21
4325,-21
4326,-21
4327,-21
4328,-20
4329,-18
4330,-17
4331,-15
4332,-14
4333,-13
4334,-12
4335,-12
4336,-13
4337,-13
4338,-14
4339,-15
4340,-16
4341,-16
4342,-15
4343,-14
4344,-13
4345,-12
4346,-10
4347,-9
4348,-8
4349,-8
4350,-8
4351,-9
4352,-10
4353,-11
4354,-12
4355,-13
4356,-13
4357,-13
4358,-13
4359,-12
4360,-11
4361,-10
4362,-10
4363,-9
4364,-9
4365,-9
4366,-9
4367,-8
4368,-7
4369,-7
4370,-5
4371,-4
4372,-3
4373,-2
4374,-1
4375,-1
4376,0
4377,0
4378,1
4379,2
4380,3
4381,4
4382,5
4383,6
4384,7
4385,8
4386,8
4387,9
4388,9
4389,11
4390,12
4391,14
4392,17
4393,20
4394,22
4395,24
4396,26
4397,27
4398,27
4399,27
4400,26
4401,26
4402,26
4403,26
4404,27
4405,28
4406,29
4407,30
4408,30
4409,29
4410,28
4411,27
4412,26
4413,25
4414,25
4415,24
4416,24
4417,24
4418,24
4419,23
4420,21
4421,19
4422,16
4423,13
4424,10
4425,7
4426,5
4427,3
4428,1
4429,0
4430,-1
4431,-2
4432,-3
4433,-4
4434,-6
4435,-7
4436,-8
4437,-9
4438,-11
4439,-12
4440,-13
4441,-15
4442,-16
4443,-17
4444,-18
4445,-18
4446,-18
4447,-18
4448,-18
4449,-17
4450,-17
4451,-17
4452,-18
4453,-18
4454,-19
4455,-20
4456,-21
4457,-21
4458,-22
4459,-21
4460,-21
4461,-20
4462,-18
4463,-17
4464,-16
4465,-16
4466,-16
4467,-17
4468,-17
4469,-18
4470,-19
4471,-20
4472,-20
4473,-19
4474,-18
4475,-17
4476,-16
4477,-14
4478,-13
4479,-13
4480,-13
4481,-14
4482,-16
4483,-17
4484,-19
4485,-20
4486,-21
4487,-21
4488,-21
4489,-20
4490,-18
4491,-17
4492,-15
4493,-14
4494,-13
4495,-13
4496,-13
4497,-14
4498,-14
4499,-14
4500,-15
4501,-15
4502,-15
4503,-16
4504,-16
4505,-16
4506,-16
4507,-16
4508,-16
4509,-16
4510,-16
4511,-15
4512,-14
4513,-13
4514,-13
4515,-12
4516,-11
4517,-11
4518,-11
4519,-11
4520,-11
4521,-11
4522,-11
4523,-11
4524,-11
4525,-10
4526,-10
4527,-10
4528,-11
4529,-11
4530,-11
4531,-12
4532,-12
4533,-13
4534,-13
4535,-14
4536,-15
4537,-15
4538,-16
4539,-17
4540,-17
4541,-18
4542,-18
4543,-18
4544,-18
4545,-17
4546,-17
4547,-16
4548,-16
4549,-16
4550,-16
4551,-15
4552,-15
4553,-15
4554,-14
4555,-14
4556,-13
4557,-13
4558,-13
4559,-13
4560,-14
4561,-14
4562,-15
4563,-16
4564,-16
4565,-16
4566,-16
4567,-16
4568,-16
4569,-16
4570,-15
4571,-15
4572,-14
4573,-14
4574,-14
4575,-14
4576,-14
4577,-14
4578,-14
4579,-15
4580,-15
4581,-15
4582,-15
4583,-15
4584,-14
4585,-14
4586,-14
4587,-14
4588,-14
4589,-14
4590,-14
4591,-15
4592,-15
4593,-15
4594,-16
4595,-15
4596,-15
4597,-15
4598,-15
4599,-15
4600,-15
4601,-15
4602,-15
4603,-16
4604,-16
4605,-16
4606,-16
4607,-16
4608,-15
4609,-15
4610,-14
4611,-13
4612,-13
4613,-12
4614,-11
4615,-10
4616,-10
4617,-9
4618,-9
4619,-9
4620,-9
4621,-8
4622,-8
4623,-8
4624,-8
4625,-7
4626,-6
4627,-5
4628,-4
4629,-2
4630,-1
4631,1
4632,2
4633,3
4634,3
4635,4
4636,3
4637,2
4638,1
4639,-1
4640,-3
4641,-5
4642,-7
4643,-8
4644,-9
4645,-9
4646,-9
4647,-9
4648,-9
4649,-9
4650,-10
4651,-11
4652,-12
4653,-13
4654,-15
4655,-16
4656,-16
4657,-16
4658,-16
4659,-15
4660,-15
4661,-14
4662,-14
4663,-15
4664,-15
4665,-16
4666,-16
4667,-17
4668,-17
4669,-16
4670,-16
4671,-15
4672,-15
4673,-15
4674,-15
4675,-15
4676,-15
4677,-16
4678,-16
4679,-16
4680,-16
4681,-16
4682,-16
4683,-16
4684,-17
4685,-18
4686,-19
4687,-20
4688,-21
4689,-21
4690,-21
4691,-21
4692,-21
4693,-21
4694,-20
4695,-19
4696,-17
4697,-12
4698,-5
4699,5
4700,18
4701,35
4702,53
4703,72
4704,91
4705,106
4706,118
4707,123
4708,122
4709,115
4710,102
4711,83
4712,62
4713,39
4714,17
4715,-2
4716,-18
4717,-29
4718,-35
4719,-37
4720,-35
4721,-31
4722,-26
4723,-21
4724,-16
4725,-12
4726,-10
4727,-9
4728,-10
4729,-10
4730,-11
4731,-12
4732,-12
4733,-12
4734,-12
4735,-11
4736,-10
4737,-10
4738,-10
4739,-10
4740,-11
4741,-12
4742,-12
4743,-12
4744,-12
4745,-12
4746,-11
4747,-10
4748,-9
4749,-8
4750,-8
4751,-8
4752,-8
4753,-8
4754,-8
4755,-7
4756,-7
4757,-6
4758,-5
4759,-4
4760,-3
4761,-2
4762,-2
4763,-1
4764,-1
4765,-1
4766,-2
4767,-2
4768,-2
4769,-2
4770,-2
4771,-1
4772,-1
4773,-1
4774,0
4775,0
4776,0
4777,0
4778,1
4779,1
4780,1
4781,1
4782,1
4783,2
4784,3
4785,4
4786,6
4787,7
4788,9
4789,10
4790,11
4791,12
4792,13
4793,13
4794,14
4795,15
4796,15
4797,16
4798,17
4799,18
4800,19
4801,20
4802,21
4803,22
4804,23
4805,24
4806,25
4807,27
4808,28
4809,30
4810,31
4811,32
4812,34
4813,35
4814,36
4815,37
4816,38
4817,39
4818,40
4819,41
4820,41
4821,42
4822,42
4823,42
4824,41
4825,40
4826,39
4827,37
4828,36
4829,36
4830,35
4831,35
4832,35
4833,35
4834,34
4835,32
4836,31
4837,28
4838,25
4839,22
4840,19
4841,16
4842,13
4843,11
4844,9
4845,8
4846,7
4847,6
4848,5
4849,4
4850,4
4851,3
4852,2
4853,1
4854,1
4855,0
4856,-1
4857,-3
4858,-4
4859,-6
4860,-8
4861,-9
4862,-11
4863,-12
4864,-12
4865,-12
4866,-12
4867,-10
4868,-9
4869,-8
4870,-7
4871,-7
4872,-7
4873,-8
4874,-9
4875,-10
4876,-11
4877,-12
4878,-12
4879,-11
4880,-11
4881,-10
4882,-9
4883,-8
4884,-8
4885,-8
4886,-9
4887,-9
4888,-10
4889,-10
4890,-11
4891,-11
4892,-11
4893,-11
4894,-10
4895,-10
4896,-10
4897,-10
4898,-10
4899,-9
4900,-9
4901,-8
4902,-7
4903,-6
4904,-5
4905,-5
4906,-5
4907,-5
4908,-5
4909,-6
4910,-7
4911,-7
4912,-7
4913,-7
4914,-7
4915,-6
4916,-6
4917,-6
4918,-6
4919,-6
4920,-6
4921,-6
4922,-6
4923,-7
4924,-6
4925,-6
4926,-6
4927,-6
4928,-6
4929,-6
4930,-6
4931,-6
4932,-6
4933,-5
4934,-5
4935,-4
4936,-4
4937,-4
4938,-5
4939,-5
4940,-6
4941,-6
4942,-6
4943,-6
4944,-5
4945,-3
4946,-1
4947,1
4948,4
4949,6
4950,9
4951,11
4952,13
4953,14
4954,16
4955,17
4956,17
4957,18
4958,18
4959,18
4960,17
4961,17
4962,16
4963,16
4964,15
4965,15
4966,16
4967,16
4968,16
4969,16
4970,17
4971,16
4972,16
4973,16
4974,15
4975,15
4976,15
4977,15
4978,16
4979,16
4980,17
4981,18
4982,19
4983,20
4984,21
4985,21
4986,22
4987,21
4988,21
4989,20
4990,20
4991,19
4992,19
4993,19
4994,19
4995,19
4996,19
4997,19
4998,19
4999,19
5000,19
5001,19
5002,19
5003,18
5004,18
5005,18
5006,18
5007,18
5008,18
5009,17
5010,17
5011,16
5012,15
5013,14
5014,14
5015,14
5016,14
5017,14
5018,15
5019,16
5020,17
5021,18
5022,18
5023,18
5024,18
5025,18
5026,18
5027,17
5028,18
5029,18
5030,18
5031,19
5032,20
5033,20
5034,21
5035,21
5036,22
5037,22
5038,23
5039,24
5040,25
5041,26
5042,27
5043,27
5044,28
5045,28
5046,27
5047,27
5048,26
5049,25
5050,25
5051,24
5052,23
5053,22
5054,21
5055,19
5056,18
5057,16
5058,14
5059,12
5060,10
5061,9
5062,8
5063,8
5064,7
5065,7
5066,6
5067,5
5068,5
5069,4
5070,3
5071,2
5072,1
5073,1
5074,1
5075,0
5076,0
5077,-1
5078,-1
5079,-1
5080,-2
5081,-2
5082,-3
5083,-3
5084,-3
5085,-3
5086,-3
5087,-3
5088,-3
5089,-3
5090,-2
5091,-2
5092,-2
5093,-1
5094,-1
5095,-1
5096,-2
5097,-3
5098,-5
5099,-7
5100,-9
5101,-11
5102,-13
5103,-14
5104,-14
5105,-13
5106,-10
5107,-5
5108,2
5109,12
5110,25
5111,40
5112,58
5113,77
5114,96
5115,113
5116,126
5117,135
5118,138
5119,134
5120,124
5121,107
5122,86
5123,62
5124,38
5125,16
5126,-4
5127,-18
5128,-28
5129,-32
5130,-33
5131,-30
5132,-25
5133,-20
5134,-15
5135,-11
5136,-9
5137,-8
5138,-8
5139,-8
5140,-9
5141,-9
5142,-9
5143,-8
5144,-8
5145,-7
5146,-7
5147,-6
5148,-6
5149,-7
5150,-7
5151,-7
5152,-7
5153,-6
5154,-6
5155,-5
5156,-5
5157,-4
5158,-4
5159,-4
5160,-4
5161,-5
5162,-5
5163,-6
5164,-6
5165,-6
5166,-6
5167,-6
5168,-6
5169,-6
5170,-6
5171,-6
5172,-6
5173,-5
5174,-5
5175,-5
5176,-4
5177,-4
5178,-3
5179,-3
5180,-3
5181,-3
5182,-3
5183,-2
5184,-2
5185,-2
5186,-2
5187,-2
5188,-2
5189,-1
5190,0
5191,0
5192,1
5193,2
5194,3
5195,4
5196,4
5197,4
5198,4
5199,4
5200,4
5201,3
5202,3
5203,4
5204,5
5205,6
5206,8
5207,10
5208,12
5209,14
5210,15
5211,16
5212,17
5213,17
5214,17
5215,18
5216,18
5217,19
5218,20
5219,22
5220,24
5221,26
5222,28
5223,29
5224,31
5225,31
5226,32
5227,32
5228,33
5229,33
5230,33
5231,33
5232,33
5233,32
5234,32
5235,31
5236,29
5237,28
5238,27
5239,25
5240,25
5241,24
5242,23
5243,22
5244,21
5245,19
5246,18
5247,15
5248,13
5249,11
5250,9
5251,7
5252,6
5253,5
5254,4
5255,4
5256,3
5257,2
5258,0
5259,-2
5260,-4
5261,-7
5262,-9
5263,-12
5264,-13
5265,-15
5266,-16
5267,-16
5268,-16
5269,-17
5270,-17
5271,-17
5272,-17
5273,-18
5274,-18
5275,-19
5276,-20
5277,-20
5278,-21
5279,-22
5280,-22
5281,-22
5282,-21
5283,-20
5284,-19
5285,-19
5286,-18
5287,-17
5288,-16
5289,-15
5290,-15
5291,-15
5292,-14
5293,-14
5294,-14
5295,-14
5296,-15
5297,-15
5298,-16
5299,-17
5300,-17
5301,-18
5302,-19
5303,-19
5304,-19
5305,-19
5306,-18
5307,-17
5308,-17
5309,-16
5310,-16
5311,-15
5312,-15
5313,-15
5314,-16
5315,-16
5316,-16
5317,-17
5318,-17
5319,-18
5320,-18
5321,-18
5322,-18
5323,-18
5324,-17
5325,-17
5326,-16
5327,-16
5328,-15
5329,-15
5330,-15
5331,-15
5332,-15
5333,-16
5334,-16
5335,-17
5336,-18
5337,-19
5338,-19
5339,-20
5340,-20
5341,-19
5342,-19
5343,-19
5344,-18
5345,-18
5346,-19
5347,-19
5348,-20
5349,-20
5350,-21
5351,-22
5352,-22
5353,-22
5354,-22
5355,-21
5356,-20
5357,-20
5358,-19
5359,-19
5360,-18
5361,-18
5362,-18
5363,-18
5364,-19
5365,-19
5366,-19
5367,-19
5368,-19
5369,-18
5370,-18
5371,-18
5372,-18
5373,-18
5374,-19
5375,-20
5376,-21
5377,-22
5378,-23
5379,-23
5380,-23
5381,-22
5382,-22
5383,-21
5384,-20
5385,-20
5386,-20
5387,-21
5388,-21
5389,-22
5390,-23
5391,-23
5392,-24
5393,-24
5394,-24
5395,-23
5396,-23
5397,-23
5398,-23
5399,-23
5400,-23
5401,-22
5402,-22
5403,-22
5404,-21
5405,-20
5406,-19
5407,-18
5408,-17
5409,-16
5410,-15
5411,-14
5412,-13
5413,-13
5414,-12
5415,-12
5416,-12
5417,-12
5418,-12
5419,-12
5420,-12
5421,-11
5422,-10
5423,-9
5424,-9
5425,-8
5426,-8
5427,-8
5428,-9
5429,-10
5430,-12
5431,-13
5432,-14
5433,-16
5434,-17
5435,-18
5436,-19
5437,-20
5438,-21
5439,-22
5440,-22
5441,-22
5442,-22
5443,-21
5444,-20
5445,-19
5446,-18
5447,-18
5448,-17
5449,-17
5450,-18
5451,-18
5452,-19
5453,-20
5454,-21
5455,-22
5456,-22
5457,-23
5458,-23
5459,-23
5460,-24
5461,-24
5462,-25
5463,-25
5464,-26
5465,-26
5466,-26
5467,-25
5468,-25
5469,-24
5470,-24
5471,-24
5472,-24
5473,-24
5474,-24
5475,-24
5476,-24
5477,-25
5478,-25
5479,-26
5480,-27
5481,-28
5482,-30
5483,-31
5484,-32
5485,-31
5486,-29
5487,-23
5488,-13
5489,0
5490,16
5491,35
5492,54
5493,73
5494,89
5495,101
5496,108
5497,110
5498,105
5499,95
5500,80
5501,62
5502,41
5503,21
5504,1
5505,-16
5506,-30
5507,-40
5508,-45
5509,-47
5510,-46
5511,-42
5512,-37
5513,-32
5514,-28
5515,-24
5516,-22
5517,-21
5518,-20
5519,-20
5520,-20
5521,-20
5522,-20
5523,-19
5524,-19
5525,-18
5526,-17
5527,-16
5528,-15
5529,-15
5530,-15
5531,-15
5532,-15
5533,-15
5534,-15
5535,-15
5536,-15
5537,-15
5538,-15
5539,-14
5540,-14
5541,-14
5542,-15
5543,-15
5544,-15
5545,-15
5546,-14
5547,-14
5548,-13
5549,-12
5550,-11
5551,-10
5552,-9
5553,-9
5554,-9
5555,-9
5556,-9
5557,-10
5558,-10
5559,-10
5560,-9
5561,-9
5562,-8
5563,-8
5564,-7
5565,-7
5566,-7
5567,-7
5568,-7
5569,-6
5570,-5
5571,-4
5572,-3
5573,-1
5574,1
5575,2
5576,3
5577,4
5578,5
5579,5
5580,5
5581,5
5582,5
5583,6
5584,7
5585,8
5586,9
5587,10
5588,11
5589,11
5590,12
5591,12
5592,13
5593,14
5594,16
5595,18
5596,20
5597,22
5598,24
5599,26
5600,27
5601,28
5602,29
5603,29
5604,30
5605,31
5606,31
5607,32
5608,32
5609,33
5610,33
5611,33
5612,32
5613,32
5614,32
5615,32
5616,32
5617,32
5618,31
5619,30
5620,29
5621,27
5622,25
5623,22
5624,19
5625,16
5626,14
5627,12
5628,11
5629,10
5630,9
5631,7
5632,6
5633,4
5634,2
5635,-1
5636,-3
5637,-5
5638,-7
5639,-9
5640,-10
5641,-11
5642,-12
5643,-14
5644,-15
5645,-16
5646,-17
5647,-17
5648,-17
5649,-17
5650,-17
5651,-17
5652,-16
5653,-17
5654,-17
5655,-19
5656,-20
5657,-22
5658,-23
5659,-24
5660,-24
5661,-24
5662,-23
5663,-22
5664,-20
5665,-19
5666,-17
5667,-16
5668,-15
5669,-14
5670,-14
5671,-14
5672,-15
5673,-15
5674,-16
5675,-16
5676,-16
5677,-17
5678,-17
5679,-16
5680,-16
5681,-16
5682,-15
5683,-15
5684,-14
5685,-14
5686,-14
5687,-15
5688,-15
5689,-16
5690,-17
5691,-17
5692,-18
5693,-18
5694,-18
5695,-18
5696,-17
5697,-17
5698,-17
5699,-17
5700,-17
5701,-17
5702,-17
5703,-17
5704,-16
5705,-15
5706,-14
5707,-13
5708,-12
5709,-12
5710,-11
5711,-11
5712,-12
5713,-13
5714,-13
5715,-14
5716,-15
5717,-15
5718,-15
5719,-14
5720,-14
5721,-14
5722,-14
5723,-15
5724,-15
5725,-16
5726,-17
5727,-18
5728,-18
5729,-18
5730,-17
5731,-16
5732,-15
5733,-14
5734,-14
5735,-13
5736,-14
5737,-14
5738,-15
5739,-15
5740,-15
5741,-15
5742,-15
5743,-15
5744,-14
5745,-14
5746,-14
5747,-14
5748,-14
5749,-14
5750,-14
5751,-14
5752,-14
5753,-13
5754,-13
5755,-13
5756,-13
5757,-13
5758,-14
5759,-15
5760,-15
5761,-16
5762,-16
5763,-16
5764,-16
5765,-16
5766,-16
5767,-15
5768,-15
5769,-14
5770,-13
5771,-12
5772,-12
5773,-11
5774,-11
5775,-11
5776,-11
5777,-11
5778,-12
5779,-12
5780,-12
5781,-12
5782,-11
5783,-10
5784,-9
5785,-7
5786,-6
5787,-5
5788,-4
5789,-4
5790,-5
5791,-5
5792,-5
5793,-5
5794,-5
5795,-5
5796,-5
5797,-6
5798,-7
5799,-9
5800,-11
5801,-13
5802,-15
5803,-17
5804,-18
5805,-19
5806,-19
5807,-19
5808,-18
5809,-18
5810,-17
5811,-17
5812,-16
5813,-16
5814,-16
5815,-16
5816,-16
5817,-16
5818,-16
5819,-16
5820,-17
5821,-17
5822,-18
5823,-18
5824,-18
5825,-18
5826,-16
5827,-15
5828,-12
5829,-10
5830,-8
5831,-6
5832,-4
5833,-2
5834,-1
5835,0
5836,0
5837,1
5838,1
5839,2
5840,2
5841,3
5842,3
5843,3
5844,4
5845,4
5846,5
5847,5
5848,5
5849,5
5850,5
5851,5
5852,5
5853,7
5854,10
5855,15
5856,23
5857,33
5858,45
5859,60
5860,75
5861,90
5862,103
5863,114
5864,121
5865,124
5866,122
5867,116
5868,104
5869,89
5870,71
5871,52
5872,34
5873,17
5874,4
5875,-6
5876,-11
5877,-13
5878,-11
5879,-6
5880,0
5881,6
5882,11
5883,15
5884,17
5885,18
5886,17
5887,17
5888,16
5889,15
5890,15
5891,15
5892,15
5893,15
5894,15
5895,15
5896,15
5897,15
5898,15
5899,15
5900,15
5901,16
5902,17
5903,18
5904,19
5905,19
5906,19
5907,19
5908,18
5909,18
5910,17
5911,16
5912,16
5913,17
5914,17
5915,18
5916,19
5917,20
5918,20
5919,20
5920,20
5921,20
5922,20
5923,20
5924,20
5925,21
5926,21
5927,22
5928,22
5929,22
5930,22
5931,22
5932,22
5933,22
5934,21
5935,22
5936,22
5937,23
5938,24
5939,25
5940,26
5941,27
5942,27
5943,27
5944,27
5945,27
5946,27
5947,27
5948,27
5949,28
5950,28
5951,29
5952,29
5953,30
5954,30
5955,30
5956,30
5957,31
5958,32
5959,33
5960,34
5961,35
5962,37
5963,38
5964,39
5965,40
5966,41
5967,41
5968,42
5969,43
5970,44
5971,45
5972,47
5973,48
5974,48
5975,49
5976,49
5977,48
5978,47
5979,46
5980,45
5981,44
5982,43
5983,42
5984,41
5985,39
5986,38
5987,36
5988,35
5989,33
5990,32
5991,32
5992,31
5993,31
5994,30
5995,29
5996,28
5997,26
5998,24
5999,21
6000,19
6001,16
6002,14
6003,12
6004,11
6005,10
6006,9
6007,9
6008,9
6009,8
6010,8
6011,7
6012,7
6013,6
6014,6
6015,5
6016,4
6017,3
6018,2
6019,0
6020,-1
6021,-3
6022,-4
6023,-5
6024,-6
6025,-6
6026,-6
6027,-6
6028,-5
6029,-5
6030,-4
6031,-5
6032,-5
6033,-5
6034,-6
6035,-7
6036,-7
6037,-7
6038,-7
6039,-6
6040,-5
6041,-4
6042,-3
6043,-3
6044,-3
6045,-3
6046,-4
6047,-6
6048,-7
6049,-8
6050,-9
6051,-9
6052,-8
6053,-8
6054,-6
6055,-5
6056,-4
6057,-4
6058,-3
6059,-3
6060,-4
6061,-4
6062,-4
6063,-4
6064,-4
6065,-4
6066,-3
6067,-3
6068,-3
6069,-3
6070,-4
6071,-5
6072,-6
6073,-6
6074,-7
6075,-7
6076,-7
6077,-7
6078,-6
6079,-6
6080,-5
6081,-5
6082,-5
6083,-6
6084,-6
6085,-7
6086,-7
6087,-7
6088,-7
6089,-6
6090,-6
6091,-6
6092,-6
6093,-6
6094,-7
6095,-8
6096,-9
6097,-10
6098,-10
6099,-10
6100,-10
6101,-9
6102,-9
6103,-8
6104,-7
6105,-7
6106,-8
6107,-8
6108,-9
6109,-10
6110,-10
6111,-10
6112,-9
6113,-8
6114,-7
6115,-6
6116,-5
6117,-5
6118,-6
6119,-6
6120,-8
6121,-9
6122,-10
6123,-11
6124,-12
6125,-12
6126,-11
6127,-10
6128,-9
6129,-8
6130,-7
6131,-7
6132,-6
6133,-7
6134,-7
6135,-7
6136,-8
6137,-8
6138,-7
6139,-7
6140,-6
6141,-4
6142,-3
6143,-1
6144,0
6145,1
6146,2
6147,2
6148,2
6149,1
6150,0
6151,-1
6152,-2
6153,-3
6154,-4
6155,-4
6156,-4
6157,-5
6158,-5
6159,-5
6160,-5
6161,-5
6162,-6
6163,-7
6164,-7
6165,-8
6166,-9
6167,-9
6168,-10
6169,-11
6170,-12
6171,-12
6172,-13
6173,-13
6174,-14
6175,-14
6176,-14
6177,-14
6178,-14
6179,-14
6180,-15
6181,-16
6182,-17
6183,-17
6184,-18
6185,-18
6186,-18
6187,-17
6188,-17
6189,-16
6190,-15
6191,-15
6192,-15
6193,-15
6194,-15
6195,-15
6196,-14
6197,-14
6198,-13
6199,-12
6200,-12
6201,-11
6202,-12
6203,-13
6204,-14
6205,-16
6206,-18
6207,-20
6208,-22
6209,-23
6210,-23
6211,-22
6212,-20
6213,-17
6214,-12
6215,-6
6216,3
6217,13
6218,26
6219,40
6220,55
6221,69
6222,81
6223,91
6224,96
6225,96
6226,91
6227,81
6228,67
6229,49
6230,30
6231,12
6232,-5
6233,-18
6234,-28
6235,-34
6236,-37
6237,-36
6238,-34
6239,-30
6240,-26
6241,-23
6242,-20
6243,-18
6244,-16
6245,-16
6246,-15
6247,-14
6248,-13
6249,-12
6250,-11
6251,-9
6252,-8
6253,-8
6254,-7
6255,-7
6256,-7
6257,-8
6258,-9
6259,-9
6260,-10
6261,-11
6262,-11
6263,-12
6264,-13
6265,-13
6266,-14
6267,-14
6268,-13
6269,-13
6270,-12
6271,-10
6272,-8
6273,-7
6274,-5
6275,-4
6276,-4
6277,-3
6278,-3
6279,-4
6280,-4
6281,-5
6282,-5
6283,-5
6284,-5
6285,-5
6286,-5
6287,-5
6288,-5
6289,-5
6290,-5
6291,-5
6292,-4
6293,-4
6294,-3
6295,-2
6296,-1
6297,1
6298,2
6299,3
6300,4
6301,5
6302,6
6303,6
6304,6
6305,6
6306,6
6307,6
6308,6
6309,7
6310,7
6311,7
6312,8
6313,8
6314,10
6315,11
6316,13
6317,15
6318,17
6319,18
6320,20
6321,21
6322,22
6323,22
6324,23
6325,23
6326,23
6327,23
6328,23
6329,24
6330,25
6331,27
6332,28
6333,29
6334,30
6335,31
6336,32
6337,32
6338,32
6339,31
6340,31
6341,30
6342,28
6343,27
6344,26
6345,25
6346,24
6347,23
6348,23
6349,22
6350,22
6351,21
6352,20
6353,18
6354,16
6355,13
6356,10
6357,7
6358,4
6359,1
6360,-1
6361,-3
6362,-4
6363,-5
6364,-5
6365,-6
6366,-6
6367,-7
6368,-8
6369,-9
6370,-10
6371,-10
6372,-11
6373,-11
6374,-11
6375,-11
6376,-11
6377,-10
6378,-10
6379,-9
6380,-9
6381,-9
6382,-9
6383,-9
6384,-10
6385,-10
6386,-10
6387,-10
6388,-10
6389,-10
6390,-10
6391,-10
6392,-11
6393,-12
6394,-12
6395,-13
6396,-14
6397,-14
6398,-14
6399,-13
6400,-13
6401,-12
6402,-11
6403,-12
6404,-12
6405,-13
6406,-14
6407,-16
6408,-17
6409,-17
6410,-16
6411,-15
6412,-14
6413,-12
6414,-11
6415,-10
6416,-10
6417,-11
6418,-12
6419,-13
6420,-14
6421,-15
6422,-15
6423,-14
6424,-13
6425,-12
6426,-11
6427,-10
6428,-10
6429,-10
6430,-10
6431,-11
6432,-11
6433,-12
6434,-12
6435,-11
6436,-11
6437,-11
6438,-11
6439,-10
6440,-11
6441,-11
6442,-11
6443,-11
6444,-12
6445,-12
6446,-12
6447,-13
6448,-13
6449,-14
6450,-15
6451,-16
6452,-17
6453,-17
6454,-18
6455,-18
6456,-17
6457,-16
6458,-15
6459,-14
6460,-13
6461,-12
6462,-12
6463,-12
6464,-13
6465,-14
6466,-15
6467,-16
6468,-16
6469,-17
6470,-17
6471,-17
6472,-16
6473,-16
6474,-15
6475,-15
6476,-15
6477,-15
6478,-15
6479,-15
6480,-15
6481,-15
6482,-15
6483,-15
6484,-14
6485,-14
6486,-13
6487,-13
6488,-12
6489,-12
6490,-12
6491,-11
6492,-11
6493,-11
6494,-10
6495,-9
6496,-9
6497,-8
6498,-8
6499,-8
6500,-8
6501,-8
6502,-9
6503,-9
6504,-9
6505,-9
6506,-8
6507,-8
6508,-7
6509,-7
6510,-6
6511,-6
6512,-6
6513,-6
6514,-6
6515,-6
6516,-6
6517,-7
6518,-7
6519,-7
6520,-8
6521,-9
6522,-10
6523,-11
6524,-12
6525,-14
6526,-16
6527,-18
6528,-19
6529,-20
6530,-21
6531,-22
6532,-22
6533,-21
6534,-21
6535,-20
6536,-20
6537,-19
6538,-20
6539,-20
6540,-21
6541,-22
6542,-23
6543,-24
6544,-24
6545,-25
6546,-25
6547,-24
6548,-24
6549,-24
6550,-23
6551,-23
6552,-23
6553,-23
6554,-22
6555,-22
6556,-22
6557,-22
6558,-22
6559,-22
6560,-22
6561,-22
6562,-22
6563,-21
6564,-20
6565,-20
6566,-19
6567,-19
6568,-20
6569,-21
6570,-23
6571,-26
6572,-28
6573,-30
6574,-31
6575,-30
6576,-26
6577,-20
6578,-11
6579,1
6580,15
6581,31
6582,48
6583,65
6584,81
6585,94
6586,105
6587,110
6588,110
6589,104
6590,92
6591,74
6592,53
6593,30
6594,7
6595,-13
6596,-28
6597,-39
6598,-44
6599,-44
6600,-41
6601,-36
6602,-30
6603,-25
6604,-21
6605,-19
6606,-18
6607,-18
6608,-18
6609,-18
6610,-17
6611,-16
6612,-15
6613,-14
6614,-14
6615,-14
6616,-15
6617,-16
6618,-16
6619,-17
6620,-17
6621,-17
6622,-16
6623,-16
6624,-15
6625,-16
6626,-16
6627,-17
6628,-19
6629,-20
6630,-20
6631,-20
6632,-20
6633,-18
6634,-17
6635,-15
6636,-14
6637,-12
6638,-11
6639,-11
6640,-10
6641,-10
6642,-9
6643,-9
6644,-8
6645,-8
6646,-8
6647,-7
6648,-8
6649,-8
6650,-8
6651,-8
6652,-8
6653,-8
6654,-8
6655,-7
6656,-6
6657,-6
6658,-5
6659,-4
6660,-4
6661,-4
6662,-4
6663,-3
6664,-3
6665,-3
6666,-2
6667,-2
6668,-1
6669,0
6670,1
6671,2
6672,3
6673,4
6674,5
6675,7
6676,9
6677,10
6678,13
6679,15
6680,17
6681,18
6682,20
6683,20
6684,21
6685,21
6686,21
6687,21
6688,21
6689,22
6690,22
6691,24
6692,25
6693,27
6694,28
6695,29
6696,30
6697,31
6698,31
6699,30
6700,30
6701,29
6702,29
6703,29
6704,29
6705,30
6706,31
6707,32
6708,33
6709,34
6710,35
6711,35
6712,35
6713,35
6714,34
6715,33
6716,31
6717,30
6718,29
6719,28
6720,26
6721,25
6722,24
6723,23
6724,23
6725,22
6726,22
6727,21
6728,21
6729,20
6730,19
6731,18
6732,17
6733,16
6734,14
6735,13
6736,13
6737,12
6738,12
6739,12
6740,12
6741,12
6742,12
6743,12
6744,11
6745,11
6746,10
6747,10
6748,10
6749,10
6750,10
6751,10
6752,10
6753,9
6754,9
6755,8
6756,7
6757,7
6758,6
6759,6
6760,6
6761,6
6762,7
6763,7
6764,8
6765,8
6766,9
6767,9
6768,8
6769,8
6770,8
6771,7
6772,8
6773,8
6774,9
6775,9
6776,10
6777,10
6778,11
6779,11
6780,11
6781,10
6782,10
6783,10
6784,11
6785,11
6786,12
6787,12
6788,12
6789,13
6790,13
6791,13
6792,13
6793,13
6794,12
6795,12
6796,12
6797,12
6798,11
6799,11
6800,10
6801,9
6802,9
6803,8
6804,8
6805,8
6806,7
6807,7
6808,7
6809,7
6810,6
6811,6
6812,5
6813,5
6814,5
6815,5
6816,5
6817,5
6818,5
6819,4
6820,3
6821,2
6822,1
6823,-1
6824,-2
6825,-2
6826,-2
6827,-2
6828,-2
6829,-1
6830,0
6831,0
6832,0
6833,0
6834,0
6835,-1
6836,-1
6837,-1
6838,-2
6839,-2
6840,-3
6841,-3
6842,-3
6843,-4
6844,-4
6845,-5
6846,-5
6847,-6
6848,-6
6849,-6
6850,-7
6851,-7
6852,-7
6853,-7
6854,-7
6855,-7
6856,-7
6857,-7
6858,-6
6859,-5
6860,-5
6861,-4
6862,-3
6863,-3
6864,-2
6865,-2
6866,-3
6867,-3
6868,-4
6869,-5
6870,-6
6871,-7
6872,-8
6873,-9
6874,-9
6875,-9
6876,-8
6877,-7
6878,-6
6879,-5
6880,-4
6881,-3
6882,-2
6883,-1
6884,0
6885,1
6886,1
6887,2
6888,2
6889,2
6890,1
6891,0
6892,-2
6893,-4
6894,-7
6895,-10
6896,-12
6897,-15
6898,-16
6899,-18
6900,-18
6901,-19
6902,-18
6903,-18
6904,-17
6905,-17
6906,-17
6907,-17
6908,-17
6909,-17
6910,-17
6911,-17
6912,-17
6913,-17
6914,-17
6915,-18
6916,-18
6917,-18
6918,-19
6919,-19
6920,-20
6921,-20
6922,-20
6923,-20
6924,-20
6925,-20
6926,-19
6927,-19
6928,-19
6929,-19
6930,-19
6931,-19
6932,-19
6933,-19
6934,-20
6935,-20
6936,-21
6937,-21
6938,-22
6939,-22
6940,-23
6941,-24
6942,-25
6943,-26
6944,-27
6945,-27
6946,-26
6947,-23
6948,-18
6949,-9
6950,2
6951,16
6952,33
6953,52
6954,71
6955,89
6956,105
6957,117
6958,124
6959,124
6960,118
6961,106
6962,88
6963,66
6964,43
6965,20
6966,-2
6967,-19
6968,-31
6969,-38
6970,-41
6971,-39
6972,-35
6973,-30
6974,-24
6975,-20
6976,-17
6977,-15
6978,-14
6979,-13
6980,-13
6981,-13
6982,-12
6983,-11
6984,-10
6985,-10
6986,-9
6987,-9
6988,-10
6989,-11
6990,-12
6991,-12
6992,-12
6993,-12
6994,-12
6995,-11
6996,-10
6997,-9
6998,-9
6999,-9
7000,-9
7001,-9
7002,-9
7003,-10
7004,-10
7005,-11
7006,-11
7007,-10
7008,-10
7009,-10
7010,-9
7011,-8
7012,-8
7013,-7
7014,-6
7015,-6
7016,-5
7017,-5
7018,-4
7019,-4
7020,-5
7021,-5
7022,-6
7023,-6
7024,-6
7025,-6
7026,-5
7027,-4
7028,-2
7029,0
7030,1
7031,3
7032,4
7033,4
7034,4
7035,4
7036,4
7037,4
7038,4
7039,5
7040,6
7041,7
7042,8
7043,9
7044,10
7045,11
7046,12
7047,13
7048,15
7049,16
7050,18
7051,20
7052,22
7053,24
7054,25
7055,26
7056,26
7057,26
7058,26
7059,26
7060,26
7061,26
7062,27
7063,28
7064,30
7065,31
7066,32
7067,32
7068,33
7069,32
7070,32
7071,32
7072,31
7073,31
7074,31
7075,32
7076,32
7077,32
7078,33
7079,32
7080,31
7081,30
7082,28
7083,26
7084,23
7085,21
7086,19
7087,18
7088,16
7089,15
7090,15
7091,14
7092,13
7093,12
7094,11
7095,9
7096,7
7097,5
7098,4
7099,2
7100,1
7101,0
7102,-1
7103,-2
7104,-3
7105,-4
7106,-5
7107,-6
7108,-7
7109,-7
7110,-7
7111,-7
7112,-7
7113,-6
7114,-6
7115,-6
7116,-6
7117,-7
7118,-7
7119,-8
7120,-9
7121,-9
7122,-10
7123,-10
7124,-10
7125,-10
7126,-11
7127,-11
7128,-11
7129,-12
7130,-12
7131,-13
7132,-13
7133,-13
7134,-13
7135,-13
7136,-13
7137,-14
7138,-14
7139,-14
7140,-14
7141,-14
7142,-14
7143,-14
7144,-13
7145,-12
7146,-11
7147,-10
7148,-9
7149,-8
7150,-8
7151,-7
7152,-7
7153,-7
7154,-7
7155,-7
7156,-7
7157,-8
7158,-8
7159,-9
7160,-10
7161,-11
7162,-11
7163,-12
7164,-13
7165,-13
7166,-13
7167,-13
7168,-12
7169,-11
7170,-11
7171,-10
7172,-9
7173,-8
7174,-8
7175,-8
7176,-8
7177,-8
7178,-9
7179,-10
7180,-10
7181,-11
7182,-11
7183,-11
7184,-11
7185,-11
7186,-10
7187,-10
7188,-10
7189,-11
7190,-11
7191,-12
7192,-13
7193,-14
7194,-14
7195,-15
7196,-15
7197,-15
7198,-14
7199,-13
7200,-12
7201,-11
7202,-11
7203,-10
7204,-10
7205,-10
7206,-11
7207,-12
7208,-12
7209,-13
7210,-14
7211,-15
7212,-15
7213,-15
7214,-15
7215,-14
7216,-14
7217,-13
7218,-13
7219,-13
7220,-13
7221,-12
7222,-12
7223,-12
7224,-12
7225,-11
7226,-11
7227,-11
7228,-10
7229,-10
7230,-10
7231,-10
7232,-10
7233,-11
7234,-11
7235,-11
7236,-11
7237,-11
7238,-11
7239,-11
7240,-10
7241,-10
7242,-10
7243,-10
7244,-10
7245,-11
7246,-11
7247,-11
7248,-11
7249,-11
7250,-11
7251,-11
7252,-10
7253,-10
7254,-9
7255,-9
7256,-8
7257,-8
7258,-8
7259,-8
7260,-8
7261,-8
7262,-7
7263,-7
7264,-6
7265,-5
7266,-4
7267,-3
7268,-2
7269,-1
7270,0
7271,0
7272,0
7273,0
7274,0
7275,0
7276,-1
7277,-1
7278,-2
7279,-3
7280,-3
7281,-4
7282,-5
7283,-6
7284,-7
7285,-9
7286,-10
7287,-11
7288,-12
7289,-12
7290,-12
7291,-12
7292,-12
7293,-12
7294,-12
7295,-12
7296,-13
7297,-13
7298,-13
7299,-14
7300,-14
7301,-14
7302,-15
7303,-15
7304,-15
7305,-15
7306,-15
7307,-15
7308,-15
7309,-16
7310,-15
7311,-15
7312,-15
7313,-14
7314,-14
7315,-14
7316,-14
7317,-15
7318,-16
7319,-17
7320,-18
7321,-19
7322,-20
7323,-20
7324,-20
7325,-19
7326,-18
7327,-17
7328,-17
7329,-18
7330,-19
7331,-21
7332,-23
7333,-25
7334,-24
7335,-22
7336,-18
7337,-10
7338,0
7339,13
7340,28
7341,45
7342,62
7343,79
7344,94
7345,107
7346,116
7347,120
7348,118
7349,110
7350,97
7351,79
7352,58
7353,35
7354,13
7355,-7
7356,-22
7357,-32
7358,-37
7359,-38
7360,-35
7361,-30
7362,-24
7363,-19
7364,-16
7365,-14
7366,-13
7367,-14
7368,-14
7369,-14
7370,-14
7371,-13
7372,-11
7373,-10
7374,-8
7375,-8
7376,-8
7377,-9
7378,-10
7379,-11
7380,-12
7381,-13
7382,-12
7383,-12
7384,-10
7385,-9
7386,-8
7387,-7
7388,-6
7389,-6
7390,-6
7391,-6
7392,-6
7393,-6
7394,-6
7395,-6
7396,-6
7397,-6
7398,-6
7399,-5
7400,-5
7401,-5
7402,-4
7403,-4
7404,-3
7405,-3
7406,-2
7407,-2
7408,-2
7409,-3
7410,-3
7411,-3
7412,-2
7413,-2
7414,0
7415,1
7416,3
7417,4
7418,5
7419,6
7420,6
7421,6
7422,5
7423,5
7424,4
7425,5
7426,6
7427,7
7428,9
7429,10
7430,12
7431,13
7432,13
7433,14
7434,13
7435,13
7436,13
7437,14
7438,15
7439,16
7440,18
7441,20
7442,21
7443,23
7444,24
7445,25
7446,26
7447,26
7448,27
7449,27
7450,28
7451,29
7452,30
7453,31
7454,32
7455,33
7456,35
7457,36
7458,37
7459,38
7460,39
7461,39
7462,38
7463,37
7464,36
7465,34
7466,33
7467,31
7468,30
7469,29
7470,28
7471,27
7472,26
7473,24
7474,22
7475,19
7476,16
7477,13
7478,11
7479,9
7480,8
7481,7
7482,7
7483,7
7484,7
7485,6
7486,5
7487,4
7488,2
7489,-1
7490,-3
7491,-5
7492,-7
7493,-7
7494,-8
7495,-8
7496,-8
7497,-8
7498,-8
7499,-8
7500,-9
7501,-10
7502,-10
7503,-11
7504,-12
7505,-13
7506,-14
7507,-15
7508,-15
7509,-16
7510,-17
7511,-17
7512,-17
7513,-16
7514,-16
7515,-15
7516,-14
7517,-13
7518,-12
7519,-12
7520,-12
7521,-12
7522,-12
7523,-13
7524,-13
7525,-13
7526,-13
7527,-13
7528,-12
7529,-12
7530,-12
7531,-12
7532,-13
7533,-13
7534,-13
7535,-14
7536,-14
7537,-13
7538,-13
7539,-13
7540,-12
7541,-12
7542,-12
7543,-12
7544,-12
7545,-12
7546,-12
7547,-12
7548,-12
7549,-12
7550,-11
7551,-11
7552,-10
7553,-10
7554,-10
7555,-9
7556,-10
7557,-10
7558,-10
7559,-11
7560,-11
7561,-11
7562,-11
7563,-11
7564,-10
7565,-10
7566,-9
7567,-9
7568,-9
7569,-9
7570,-10
7571,-10
7572,-11
7573,-12
7574,-13
7575,-13
7576,-13
7577,-13
7578,-12
7579,-11
7580,-10
7581,-9
7582,-8
7583,-8
7584,-9
7585,-10
7586,-11
7587,-12
7588,-14
7589,-14
7590,-15
7591,-14
7592,-13
7593,-12
7594,-9
7595,-7
7596,-4
7597,-2
7598,0
7599,2
7600,4
7601,5
7602,6
7603,6
7604,7
7605,7
7606,7
7607,8
7608,8
7609,8
7610,9
7611,9
7612,9
7613,8
7614,8
7615,8
7616,8
7617,8
7618,8
7619,8
7620,8
7621,9
7622,10
7623,10
7624,11
7625,11
7626,11
7627,11
7628,10
7629,10
7630,9
7631,8
7632,8
7633,7
7634,7
7635,7
7636,8
7637,9
7638,10
7639,11
7640,13
7641,14
7642,15
7643,15
7644,15
7645,15
7646,15
7647,14
7648,14
7649,14
7650,14
7651,14
7652,15
7653,16
7654,17
7655,18
7656,19
7657,19
7658,20
7659,20
7660,20
7661,20
7662,20
7663,20
7664,20
7665,19
7666,19
7667,18
7668,17
7669,16
7670,14
7671,12
7672,10
7673,8
7674,6
7675,4
7676,3
7677,3
7678,2
7679,2
7680,3
7681,3
7682,4
7683,4
7684,4
7685,4
7686,4
7687,3
7688,3
7689,3
7690,2
7691,1
7692,0
7693,-1
7694,-2
7695,-3
7696,-4
7697,-4
7698,-5
7699,-5
7700,-6
7701,-6
7702,-6
7703,-5
7704,-5
7705,-5
7706,-5
7707,-4
7708,-4
7709,-4
7710,-4
7711,-4
7712,-4
7713,-4
7714,-4
7715,-4
7716,-5
7717,-6
7718,-8
7719,-9
7720,-11
7721,-12
7722,-11
7723,-9
7724,-4
7725,3
7726,14
7727,27
7728,43
7729,60
7730,78
7731,96
7732,111
7733,123
7734,129
7735,130
7736,124
7737,113
7738,96
7739,75
7740,52
7741,29
7742,9
7743,-8
7744,-21
7745,-28
7746,-31
7747,-30
7748,-26
7749,-22
7750,-17
7751,-13
7752,-11
7753,-9
7754,-9
7755,-9
7756,-9
7757,-9
7758,-8
7759,-7
7760,-6
7761,-5
7762,-5
7763,-5
7764,-6
7765,-7
7766,-8
7767,-9
7768,-9
7769,-9
7770,-8
7771,-7
7772,-6
7773,-5
7774,-5
7775,-5
7776,-6
7777,-7
7778,-8
7779,-8
7780,-8
7781,-8
7782,-7
7783,-5
7784,-4
7785,-2
7786,-1
7787,-1
7788,-1
7789,-1
7790,-1
7791,-2
7792,-2
7793,-2
7794,-2
7795,-2
7796,-1
7797,-1
7798,0
7799,1
7800,1
7801,1
7802,1
7803,0
7804,0
7805,-1
7806,-1
7807,-1
7808,-1
7809,-1
7810,0
7811,1
7812,1
7813,1
7814,2
7815,2
7816,2
7817,3
7818,4
7819,5
7820,7
7821,9
7822,11
7823,13
7824,15
7825,17
7826,18
7827,20
7828,21
7829,22
7830,23
7831,24
7832,25
7833,26
7834,27
7835,27
7836,28
7837,28
7838,28
7839,28
7840,29
7841,29
7842,30
7843,31
7844,32
7845,33
7846,34
7847,34
7848,35
7849,35
7850,34
7851,34
7852,33
7853,32
7854,31
7855,29
7856,28
7857,27
7858,25
7859,24
7860,22
7861,19
7862,17
7863,15
7864,12
7865,10
7866,8
7867,7
7868,5
7869,4
7870,3
7871,2
7872,1
7873,-1
7874,-3
7875,-4
7876,-6
7877,-7
7878,-8
7879,-9
7880,-10
7881,-10
7882,-11
7883,-11
7884,-12
7885,-14
7886,-15
7887,-17
7888,-18
7889,-19
7890,-20
7891,-20
7892,-20
7893,-19
7894,-19
7895,-18
7896,-18
7897,-18
7898,-18
7899,-18
7900,-18
7901,-19
7902,-19
7903,-18
7904,-18
7905,-17
7906,-17
7907,-16
7908,-16
7909,-16
7910,-16
7911,-17
7912,-17
7913,-17
7914,-16
7915,-16
7916,-16
7917,-16
7918,-16
7919,-16
7920,-16
7921,-17
7922,-17
7923,-17
7924,-17
7925,-16
7926,-15
7927,-14
7928,-13
7929,-12
7930,-11
7931,-11
7932,-11
7933,-11
7934,-12
7935,-13
7936,-13
7937,-14
7938,-14
7939,-14
7940,-13
7941,-13
7942,-12
7943,-12
7944,-11
7945,-11
7946,-11
7947,-12
7948,-12
7949,-13
7950,-13
7951,-14
7952,-15
7953,-15
7954,-15
7955,-15
7956,-15
7957,-15
7958,-15
7959,-15
7960,-15
7961,-15
7962,-15
7963,-15
7964,-16
7965,-16
7966,-16
7967,-16
7968,-16
7969,-16
7970,-16
7971,-16
7972,-16
7973,-16
7974,-16
7975,-16
7976,-17
7977,-17
7978,-17
7979,-18
7980,-18
7981,-18
7982,-17
7983,-17
7984,-16
7985,-16
7986,-15
7987,-15
7988,-15
7989,-15
7990,-16
7991,-17
7992,-17
7993,-18
7994,-18
7995,-19
7996,-19
7997,-18
7998,-18
7999,-18
8000,-18
8001,-19
8002,-19
8003,-20
8004,-20
8005,-20
8006,-20
8007,-19
8008,-19
8009,-17
8010,-16
8011,-16
8012,-15
8013,-16
8014,-16
8015,-17
8016,-18
8017,-19
8018,-20
8019,-20
8020,-20
8021,-19
8022,-19
8023,-19
8024,-18
8025,-18
8026,-19
8027,-19
8028,-19
8029,-19
8030,-19
8031,-18
8032,-17
8033,-16
8034,-15
8035,-13
8036,-13
8037,-12
8038,-12
8039,-12
8040,-13
8041,-13
8042,-14
8043,-14
8044,-14
8045,-14
8046,-14
8047,-14
8048,-13
8049,-12
8050,-11
8051,-10
8052,-9
8053,-7
8054,-6
8055,-5
8056,-4
8057,-4
8058,-4
8059,-4
8060,-5
8061,-5
8062,-5
8063,-5
8064,-4
8065,-3
8066,-3
8067,-2
8068,-2
8069,-2
8070,-3
8071,-5
8072,-7
8073,-9
8074,-11
8075,-13
8076,-14
8077,-15
8078,-16
8079,-15
8080,-15
8081,-14
8082,-14
8083,-14
8084,-13
8085,-14
8086,-14
8087,-14
8088,-14
8089,-15
8090,-15
8091,-15
8092,-15
8093,-16
8094,-16
8095,-17
8096,-17
8097,-18
8098,-18
8099,-18
8100,-18
8101,-18
8102,-17
8103,-16
8104,-16
8105,-15
8106,-15
8107,-16
8108,-17
8109,-18
8110,-19
8111,-20
8112,-21
8113,-22
8114,-22
8115,-22
8116,-22
8117,-22
8118,-22
8119,-22
8120,-23
8121,-24
8122,-24
8123,-23
8124,-20
8125,-15
8126,-7
8127,4
8128,17
8129,33
8130,50
8131,67
8132,84
8133,100
8134,112
8135,121
8136,124
8137,122
8138,114
8139,100
8140,82
8141,60
8142,38
8143,16
8144,-4
8145,-19
8146,-29
8147,-34
8148,-34
8149,-31
8150,-26
8151,-20
8152,-15
8153,-11
8154,-9
8155,-8
8156,-9
8157,-10
8158,-11
8159,-11
8160,-11
8161,-11
8162,-10
8163,-10
8164,-10
8165,-10
8166,-11
8167,-12
8168,-12
8169,-12
8170,-11
8171,-9
8172,-7
8173,-5
8174,-4
8175,-4
8176,-4
8177,-5
8178,-6
8179,-7
8180,-8
8181,-8
8182,-7
8183,-6
8184,-4
8185,-2
8186,0
8187,1
8188,1
8189,1
8190,0
8191,0
8192,-1
8193,-2
8194,-2
8195,-2
8196,-2
8197,-2
8198,-1
8199,-1
8200,-1
8201,-1
8202,0
8203,0
8204,1
8205,1
8206,2
8207,3
8208,3
8209,3
8210,4
8211,4
8212,4
8213,4
8214,4
8215,5
8216,6
8217,7
8218,8
8219,9
8220,10
8221,11
8222,12
8223,12
8224,13
8225,13
8226,14
8227,16
8228,17
8229,19
8230,22
8231,24
8232,27
8233,29
8234,31
8235,32
8236,33
8237,33
8238,33
8239,33
8240,33
8241,34
8242,35
8243,36
8244,37
8245,39
8246,40
8247,41
8248,42
8249,42
8250,42
8251,41
8252,40
8253,40
8254,40
8255,39
8256,39
8257,38
8258,37
8259,36
8260,34
8261,32
8262,29
8263,27
8264,25
8265,23
8266,21
8267,20
8268,19
8269,17
8270,16
8271,14
8272,12
8273,10
8274,8
8275,6
8276,5
8277,4
8278,3
8279,3
8280,2
8281,2
8282,1
8283,0
8284,-2
8285,-3
8286,-4
8287,-4
8288,-5
8289,-5
8290,-4
8291,-4
8292,-4
8293,-4
8294,-4
8295,-5
8296,-5
8297,-5
8298,-5
8299,-5
8300,-5
8301,-5
8302,-5
8303,-4
8304,-4
8305,-4
8306,-4
8307,-4
8308,-4
8309,-4
8310,-4
8311,-4
8312,-5
8313,-5
8314,-6
8315,-8
8316,-9
8317,-9
8318,-10
8319,-9
8320,-8
8321,-7
8322,-5
8323,-3
8324,-1
8325,0
8326,0
8327,0
8328,-1
8329,-2
8330,-3
8331,-4
8332,-5
8333,-4
8334,-3
8335,-2
8336,0
8337,1
8338,2
8339,3
8340,3
8341,2
8342,1
8343,0
8344,-2
8345,-4
8346,-5
8347,-6
8348,-7
8349,-7
8350,-7
8351,-7
8352,-7
8353,-6
8354,-5
8355,-4
8356,-4
8357,-3
8358,-3
8359,-2
8360,-2
8361,-3
8362,-3
8363,-4
8364,-5
8365,-5
8366,-6
8367,-6
8368,-7
8369,-7
8370,-7
8371,-7
8372,-7
8373,-7
8374,-7
8375,-7
8376,-7
8377,-7
8378,-8
8379,-8
8380,-8
8381,-8
8382,-8
8383,-8
8384,-8
8385,-8
8386,-8
8387,-8
8388,-8
8389,-8
8390,-8
8391,-8
8392,-9
8393,-9
8394,-9
8395,-9
8396,-9
8397,-9
8398,-8
8399,-8
8400,-8
8401,-8
8402,-9
8403,-9
8404,-8
8405,-8
8406,-8
8407,-8
8408,-8
8409,-7
8410,-7
8411,-7
8412,-7
8413,-7
8414,-6
8415,-6
8416,-6
8417,-6
8418,-6
8419,-6
8420,-7
8421,-7
8422,-7
8423,-7
8424,-7
8425,-7
8426,-7
8427,-8
8428,-8
8429,-8
8430,-9
8431,-10
8432,-10
8433,-11
8434,-12
8435,-12
8436,-12
8437,-11
8438,-11
8439,-10
8440,-9
8441,-8
8442,-7
8443,-6
8444,-6
8445,-5
8446,-4
8447,-4
8448,-3
8449,-3
8450,-3
8451,-3
8452,-3
8453,-3
8454,-3
8455,-3
8456,-3
8457,-4
8458,-4
8459,-4
8460,-4
8461,-4
8462,-3
8463,-2
8464,-1
8465,0
8466,1
8467,2
8468,3
8469,3
8470,3
8471,2
8472,2
8473,1
8474,0
8475,0
8476,-1
8477,-2
8478,-2
8479,-3
8480,-4
8481,-4
8482,-5
8483,-6
8484,-7
8485,-7
8486,-8
8487,-8
8488,-9
8489,-9
8490,-10
8491,-10
8492,-11
8493,-11
8494,-11
8495,-11
8496,-11
8497,-11
8498,-11
8499,-11
8500,-12
8501,-12
8502,-13
8503,-13
8504,-14
8505,-14
8506,-14
8507,-14
8508,-14
8509,-13
8510,-13
8511,-13
8512,-13
8513,-13
8514,-13
8515,-14
8516,-14
8517,-15
8518,-15
8519,-15
8520,-14
8521,-13
8522,-13
8523,-13
8524,-13
8525,-13
8526,-14
8527,-16
8528,-17
8529,-19
8530,-20
8531,-19
8532,-17
8533,-13
8534,-6
8535,3
8536,15
8537,29
8538,46
8539,63
8540,80
8541,97
8542,111
8543,122
8544,129
8545,130
8546,125
8547,114
8548,98
8549,78
8550,57
8551,35
8552,14
8553,-3
8554,-16
8555,-25
8556,-29
8557,-30
8558,-27
8559,-23
8560,-19
8561,-15
8562,-11
8563,-9
8564,-8
8565,-8
8566,-8
8567,-8
8568,-9
8569,-9
8570,-10
8571,-10
8572,-10
8573,-10
8574,-11
8575,-11
8576,-12
8577,-12
8578,-12
8579,-12
8580,-12
8581,-12
8582,-11
8583,-11
8584,-10
8585,-9
8586,-9
8587,-8
8588,-7
8589,-6
8590,-5
8591,-5
8592,-5
8593,-5
8594,-5
8595,-6
8596,-6
8597,-7
8598,-7
8599,-7
8600,-7
8601,-6
8602,-5
8603,-4
8604,-3
8605,-2
8606,-1
8607,0
8608,1
8609,2
8610,3
8611,3
8612,3
8613,2
8614,2
8615,2
8616,1
8617,1
8618,2
8619,2
8620,3
8621,4
8622,5
8623,6
8624,6
8625,7
8626,7
8627,7
8628,7
8629,8
8630,8
8631,9
8632,10
8633,12
8634,13
8635,15
8636,16
8637,18
8638,19
8639,20
8640,21
8641,22
8642,24
8643,25
8644,26
8645,28
8646,29
8647,30
8648,32
8649,33
8650,34
8651,34
8652,35
8653,36
8654,37
8655,38
8656,39
8657,40
8658,40
8659,40
8660,40
8661,40
8662,40
8663,39
8664,39
8665,37
8666,36
8667,34
8668,31
8669,29
8670,26
8671,23
8672,21
8673,19
8674,17
8675,16
8676,14
8677,13
8678,12
8679,10
8680,8
8681,7
8682,5
8683,4
8684,3
8685,2
8686,1
8687,0
8688,0
8689,-1
8690,-2
8691,-3
8692,-3
8693,-4
8694,-5
8695,-5
8696,-6
8697,-6
8698,-6
8699,-7
8700,-7
8701,-8
8702,-8
8703,-9
8704,-9
8705,-10
8706,-10
8707,-11
8708,-11
8709,-12
8710,-13
8711,-13
8712,-14
8713,-15
8714,-15
8715,-15
8716,-15
8717,-14
8718,-13
8719,-11
8720,-10
8721,-8
8722,-7
8723,-6
8724,-5
8725,-5
8726,-5
8727,-5
8728,-6
8729,-7
8730,-8
8731,-9
8732,-10
8733,-11
8734,-11
8735,-11
8736,-11
8737,-10
8738,-10
8739,-9
8740,-9
8741,-9
8742,-9
8743,-9
8744,-9
8745,-9
8746,-10
8747,-10
8748,-10
8749,-10
8750,-9
8751,-8
8752,-8
8753,-7
8754,-6
8755,-6
8756,-6
8757,-6
8758,-6
8759,-7
8760,-8
8761,-8
8762,-9
8763,-9
8764,-9
8765,-8
8766,-7
8767,-6
8768,-5
8769,-4
8770,-3
8771,-2
8772,-2
8773,-1
8774,-1
8775,-1
8776,-2
8777,-2
8778,-3
8779,-3
8780,-4
8781,-5
8782,-6
8783,-6
8784,-7
8785,-8
8786,-9
8787,-9
8788,-9
8789,-9
8790,-8
8791,-8
8792,-7
8793,-6
8794,-6
8795,-5
8796,-5
8797,-5
8798,-5
8799,-6
8800,-6
8801,-7
8802,-7
8803,-7
8804,-7
8805,-7
8806,-7
8807,-6
8808,-6
8809,-5
8810,-5
8811,-6
8812,-6
8813,-7
8814,-7
8815,-8
8816,-8
8817,-9
8818,-9
8819,-9
8820,-9
8821,-9
8822,-9
8823,-9
8824,-9
8825,-9
8826,-9
8827,-9
8828,-9
8829,-9
8830,-8
8831,-8
8832,-8
8833,-8
8834,-8
8835,-9
8836,-9
8837,-10
8838,-10
8839,-11
8840,-12
8841,-12
8842,-12
8843,-12
8844,-12
8845,-12
8846,-11
8847,-10
8848,-10
8849,-10
8850,-9
8851,-9
8852,-9
8853,-9
8854,-9
8855,-9
8856,-10
8857,-10
8858,-10
8859,-10
8860,-10
8861,-10
8862,-11
8863,-11
8864,-12
8865,-13
8866,-13
8867,-14
8868,-14
8869,-13
8870,-12
8871,-11
8872,-10
8873,-8
8874,-7
8875,-5
8876,-4
8877,-4
8878,-4
8879,-4
8880,-4
8881,-5
8882,-6
8883,-7
8884,-7
8885,-8
8886,-8
8887,-7
8888,-7
8889,-6
8890,-6
8891,-5
8892,-3
8893,-2
8894,-1
8895,0
8896,1
8897,2
8898,2
8899,2
8900,2
8901,1
8902,0
8903,-1
8904,-3
8905,-5
8906,-7
8907,-8
8908,-9
8909,-11
8910,-11
8911,-12
8912,-13
8913,-13
8914,-14
8915,-14
8916,-14
8917,-15
8918,-15
8919,-15
8920,-15
8921,-16
8922,-16
8923,-16
8924,-16
8925,-16
8926,-15
8927,-15
8928,-15
8929,-14
8930,-14
8931,-14
8932,-13
8933,-14
8934,-14
8935,-14
8936,-15
8937,-15
8938,-16
8939,-16
8940,-17
8941,-17
8942,-17
8943,-17
8944,-18
8945,-18
8946,-18
8947,-17
8948,-17
8949,-17
8950,-16
8951,-17
8952,-17
8953,-18
8954,-20
8955,-22
8956,-24
8957,-25
8958,-26
8959,-24
8960,-21
8961,-15
8962,-6
8963,5
8964,19
8965,34
8966,51
8967,68
8968,85
8969,100
8970,112
8971,121
8972,124
8973,122
8974,113
8975,99
8976,80
8977,58
8978,36
8979,14
8980,-4
8981,-18
8982,-27
8983,-32
8984,-32
8985,-29
8986,-25
8987,-21
8988,-17
8989,-15
8990,-14
8991,-14
8992,-14
8993,-14
8994,-14
8995,-14
8996,-12
8997,-11
8998,-10
8999,-9
9000,-8
9001,-8
9002,-8
9003,-9
9004,-10
9005,-10
9006,-11
9007,-11
9008,-11
9009,-10
9010,-9
9011,-9
9012,-8
9013,-7
9014,-7
9015,-7
9016,-7
9017,-7
9018,-7
9019,-7
9020,-7
9021,-7
9022,-7
9023,-6
9024,-6
9025,-4
9026,-3
9027,-2
9028,-1
9029,-1
9030,0
9031,0
9032,0
9033,0
9034,-1
9035,-1
9036,-1
9037,-1
9038,0
9039,0
9040,0
9041,0
9042,0
9043,0
9044,0
9045,0
9046,0
9047,1
9048,2
9049,4
9050,6
9051,8
9052,10
9053,12
9054,13
9055,14
9056,14
9057,14
9058,14
9059,13
9060,13
9061,13
9062,13
9063,14
9064,15
9065,17
9066,19
9067,20
9068,22
9069,23
9070,25
9071,26
9072,27
9073,28
9074,29
9075,30
9076,31
9077,32
9078,33
9079,34
9080,35
9081,36
9082,36
9083,37
9084,37
9085,37
9086,37
9087,38
9088,38
9089,38
9090,38
9091,38
9092,37
9093,36
9094,35
9095,34
9096,32
9097,31
9098,29
9099,27
9100,26
9101,23
9102,21
9103,19
9104,16
9105,13
9106,11
9107,9
9108,7
9109,5
9110,4
9111,3
9112,3
9113,2
9114,2
9115,1
9116,0
9117,-1
9118,-2
9119,-3
9120,-4
9121,-5
9122,-6
9123,-6
9124,-7
9125,-7
9126,-7
9127,-7
9128,-8
9129,-8
9130,-9
9131,-9
9132,-9
9133,-9
9134,-9
9135,-9
9136,-9
9137,-9
9138,-10
9139,-10
9140,-11
9141,-11
9142,-12
9143,-13
9144,-13
9145,-13
9146,-12
9147,-11
9148,-10
9149,-9
9150,-8
9151,-7
9152,-6
9153,-6
9154,-5
9155,-5
9156,-5
9157,-5
9158,-6
9159,-7
9160,-8
9161,-9
9162,-10
9163,-10
9164,-11
9165,-11
9166,-11
9167,-11
9168,-11
9169,-10
9170,-10
9171,-10
9172,-9
9173,-9
9174,-9
9175,-8
9176,-8
9177,-8
9178,-7
9179,-7
9180,-7
9181,-7
9182,-7
9183,-7
9184,-7
9185,-7
9186,-7
9187,-6
9188,-6
9189,-5
9190,-4
9191,-4
9192,-3
9193,-3
9194,-4
9195,-4
9196,-5
9197,-5
9198,-6
9199,-7
9200,-8
9201,-8
9202,-8
9203,-9
9204,-9
9205,-9
9206,-9
9207,-9
9208,-9
9209,-9
9210,-9
9211,-9
9212,-9
9213,-9
9214,-9
9215,-8
9216,-8
9217,-7
9218,-7
9219,-6
9220,-6
9221,-6
9222,-7
9223,-8
9224,-9
9225,-10
9226,-11
9227,-11
9228,-11
9229,-11
9230,-10
9231,-9
9232,-8
9233,-7
9234,-6
9235,-6
9236,-7
9237,-8
9238,-9
9239,-10
9240,-10
9241,-11
9242,-11
9243,-10
9244,-10
9245,-9
9246,-8
9247,-8
9248,-8
9249,-9
9250,-9
9251,-10
9252,-11
9253,-11
9254,-11
9255,-11
9256,-10
9257,-9
9258,-9
9259,-8
9260,-8
9261,-8
9262,-9
9263,-10
9264,-11
9265,-12
9266,-12
9267,-12
9268,-11
9269,-10
9270,-9
9271,-8
9272,-8
9273,-7
9274,-7
9275,-8
9276,-8
9277,-9
9278,-10
9279,-10
9280,-11
9281,-11
9282,-11
9283,-11
9284,-11
9285,-10
9286,-10
9287,-10
9288,-10
9289,-9
9290,-10
9291,-10
9292,-10
9293,-10
9294,-10
9295,-9
9296,-8
9297,-7
9298,-6
9299,-4
9300,-3
9301,-2
9302,-2
9303,-2
9304,-2
9305,-3
9306,-5
9307,-6
9308,-6
9309,-6
9310,-5
9311,-4
9312,-1
9313,1
9314,4
9315,6
9316,7
9317,8
9318,7
9319,6
9320,4
9321,2
9322,1
9323,-1
9324,-2
9325,-2
9326,-2
9327,-2
9328,-2
9329,-2
9330,-2
9331,-2
9332,-3
9333,-4
9334,-5
9335,-7
9336,-9
9337,-10
9338,-11
9339,-13
9340,-13
9341,-14
9342,-14
9343,-14
9344,-13
9345,-13
9346,-13
9347,-13
9348,-13
9349,-13
9350,-13
9351,-12
9352,-12
9353,-11
9354,-10
9355,-9
9356,-9
9357,-9
9358,-9
9359,-10
9360,-11
9361,-12
9362,-13
9363,-13
9364,-14
9365,-14
9366,-15
9367,-15
9368,-15
9369,-16
9370,-16
9371,-16
9372,-16
9373,-15
9374,-14
9375,-12
9376,-11
9377,-11
9378,-11
9379,-12
9380,-14
9381,-17
9382,-19
9383,-20
9384,-19
9385,-16
9386,-10
9387,-1
9388,11
9389,24
9390,40
9391,56
9392,71
9393,86
9394,99
9395,109
9396,114
9397,115
9398,110
9399,100
9400,85
9401,66
9402,45
9403,23
9404,3
9405,-14
9406,-26
9407,-33
9408,-35
9409,-33
9410,-29
9411,-23
9412,-18
9413,-13
9414,-10
9415,-9
9416,-8
9417,-8
9418,-7
9419,-7
9420,-6
9421,-5
9422,-5
9423,-4
9424,-3
9425,-3
9426,-3
9427,-4
9428,-4
9429,-3
9430,-3
9431,-2
9432,-1
9433,-1
9434,0
9435,0
9436,-1
9437,-1
9438,-2
9439,-3
9440,-3
9441,-2
9442,-1
9443,-1
9444,0
9445,1
9446,1
9447,1
9448,1
9449,1
9450,0
9451,0
9452,0
9453,0
9454,0
9455,0
9456,1
9457,1
9458,2
9459,2
9460,3
9461,4
9462,5
9463,6
9464,7
9465,8
9466,9
9467,9
9468,9
9469,8
9470,8
9471,7
9472,8
9473,8
9474,9
9475,10
9476,11
9477,12
9478,13
9479,13
9480,14
9481,14
9482,15
9483,15
9484,16
9485,17
9486,19
9487,20
9488,21
9489,22
9490,23
9491,24
9492,25
9493,26
9494,26
9495,27
9496,29
9497,30
9498,32
9499,34
9500,36
9501,37
9502,39
9503,40
9504,41
9505,41
9506,42
9507,42
9508,42
9509,42
9510,41
9511,41
9512,40
9513,39
9514,39
9515,38
9516,37
9517,37
9518,37
9519,36
9520,36
9521,35
9522,34
9523,33
9524,31
9525,29
9526,27
9527,25
9528,23
9529,21
9530,19
9531,17
9532,15
9533,13
9534,11
9535,9
9536,7
9537,4
9538,2
9539,0
9540,-2
9541,-3
9542,-3
9543,-3
9544,-3
9545,-3
9546,-3
9547,-3
9548,-3
9549,-4
9550,-4
9551,-5
9552,-5
9553,-5
9554,-5
9555,-5
9556,-6
9557,-6
9558,-6
9559,-7
9560,-7
9561,-8
9562,-8
9563,-8
9564,-8
9565,-8
9566,-7
9567,-6
9568,-5
9569,-5
9570,-5
9571,-5
9572,-6
9573,-6
9574,-7
9575,-7
9576,-7
9577,-8
9578,-7
9579,-7
9580,-7
9581,-7
9582,-7
9583,-7
9584,-7
9585,-6
9586,-6
9587,-6
9588,-5
9589,-5
9590,-4
9591,-4
9592,-4
9593,-4
9594,-4
9595,-4
9596,-4
9597,-4
9598,-4
9599,-3
9600,-3
9601,-2
9602,-2
9603,-2
9604,-2
9605,-3
9606,-4
9607,-5
9608,-6
9609,-7
9610,-8
9611,-7
9612,-7
9613,-6
9614,-6
9615,-5
9616,-5
9617,-5
9618,-5
9619,-5
9620,-5
9621,-5
9622,-5
9623,-5
9624,-5
9625,-5
9626,-5
9627,-6
9628,-6
9629,-7
9630,-8
9631,-8
9632,-9
9633,-9
9634,-8
9635,-8
9636,-8
9637,-7
9638,-7
9639,-7
9640,-7
9641,-8
9642,-9
9643,-9
9644,-10
9645,-11
9646,-11
9647,-11
9648,-11
9649,-11
9650,-11
9651,-11
9652,-11
9653,-11
9654,-10
9655,-10
9656,-10
9657,-9
9658,-8
9659,-7
9660,-7
9661,-6
9662,-6
9663,-6
9664,-6
9665,-7
9666,-8
9667,-9
9668,-10
9669,-10
9670,-11
9671,-12
9672,-13
9673,-13
9674,-13
9675,-13
9676,-12
9677,-12
9678,-11
9679,-10
9680,-10
9681,-9
9682,-9
9683,-10
9684,-10
9685,-10
9686,-11
9687,-11
9688,-11
9689,-11
9690,-10
9691,-10
9692,-9
9693,-9
9694,-9
9695,-9
9696,-10
9697,-11
9698,-12
9699,-12
9700,-13
9701,-13
9702,-13
9703,-12
9704,-12
9705,-11
9706,-10
9707,-10
9708,-9
9709,-9
9710,-9
9711,-10
9712,-10
9713,-10
9714,-10
9715,-10
9716,-10
9717,-9
9718,-9
9719,-8
9720,-8
9721,-8
9722,-8
9723,-8
9724,-8
9725,-7
9726,-6
9727,-5
9728,-5
9729,-4
9730,-3
9731,-2
9732,-2
9733,-2
9734,-3
9735,-3
9736,-4
9737,-4
9738,-4
9739,-4
9740,-3
9741,-2
9742,-2
9743,-1
9744,0
9745,0
9746,0
9747,0
9748,0
9749,0
9750,-1
9751,-1
9752,0
9753,0
9754,0
9755,0
9756,1
9757,0
9758,0
9759,-1
9760,-1
9761,-2
9762,-4
9763,-5
9764,-6
9765,-7
9766,-7
9767,-8
9768,-8
9769,-9
9770,-9
9771,-9
9772,-9
9773,-9
9774,-9
9775,-9
9776,-10
9777,-10
9778,-11
9779,-11
9780,-11
9781,-11
9782,-10
9783,-10
9784,-9
9785,-9
9786,-9
9787,-9
9788,-10
9789,-10
9790,-11
9791,-11
9792,-11
9793,-11
9794,-11
9795,-11
9796,-10
9797,-11
9798,-11
9799,-12
9800,-12
9801,-13
9802,-13
9803,-13
9804,-13
9805,-13
9806,-13
9807,-13
9808,-14
9809,-16
9810,-17
9811,-17
9812,-15
9813,-11
9814,-5
9815,5
9816,18
9817,33
9818,50
9819,67
9820,84
9821,99
9822,111
9823,119
9824,122
9825,120
9826,112
9827,99
9828,81
9829,61
9830,39
9831,17
9832,-2
9833,-17
9834,-28
9835,-34
9836,-35
9837,-32
9838,-27
9839,-21
9840,-15
9841,-11
9842,-8
9843,-7
9844,-8
9845,-9
9846,-10
9847,-11
9848,-12
9849,-12
9850,-13
9851,-13
9852,-13
9853,-13
9854,-13
9855,-12
9856,-12
9857,-10
9858,-9
9859,-7
9860,-6
9861,-5
9862,-4
9863,-4
9864,-5
9865,-5
9866,-6
9867,-6
9868,-6
9869,-6
9870,-6
9871,-5
9872,-5
9873,-5
9874,-5
9875,-5
9876,-5
9877,-5
9878,-5
9879,-5
9880,-5
9881,-4
9882,-4
9883,-4
9884,-3
9885,-3
9886,-3
9887,-3
9888,-3
9889,-2
9890,-2
9891,-1
9892,0
9893,0
9894,1
9895,1
9896,1
9897,1
9898,2
9899,2
9900,2
9901,3
9902,4
9903,5
9904,6
9905,7
9906,9
9907,10
9908,11
9909,12
9910,13
9911,13
9912,14
9913,15
9914,16
9915,18
9916,19
9917,20
9918,22
9919,23
9920,24
9921,25
9922,26
9923,27
9924,28
9925,29
9926,30
9927,31
9928,32
9929,33
9930,33
9931,34
9932,35
9933,35
9934,36
9935,36
9936,37
9937,37
9938,38
9939,38
9940,39
9941,40
9942,40
9943,41
9944,41
9945,41
9946,40
9947,38
9948,37
9949,34
9950,32
9951,30
9952,27
9953,25
9954,23
9955,21
9956,20
9957,18
9958,16
9959,14
9960,12
9961,11
9962,9
9963,8
9964,7
9965,7
9966,6
9967,5
9968,4
9969,3
9970,2
9971,1
9972,0
9973,-1
9974,-2
9975,-2
9976,-2
9977,-2
9978,-2
9979,-2
9980,-3
9981,-3
9982,-4
9983,-5
9984,-5
9985,-6
9986,-6
9987,-6
9988,-6
9989,-6
9990,-6
9991,-6
9992,-6
9993,-6
9994,-6
9995,-7
9996,-7
9997,-7
9998,-7
9999,-7